18
83.5 13.5 88.5 13.5
88.5 13.5 88.5 18.5
88.5 18.5 83.5 18.5
83.5 18.5 83.5 13.5

65.5 14.5 70.5 14.5
70.5 14.5 70.5 19.5
70.5 19.5 65.5 19.5
65.5 19.5 65.5 14.5

46.5 15.5 51.5 15.5
51.5 15.5 51.5 20.5
51.5 20.5 46.5 20.5
46.5 20.5 46.5 15.5

30.5 15.5 31.5 15.5
31.5 15.5 31.5 17.5
31.5 17.5 30.5 17.5
30.5 17.5 30.5 15.5

75.5 16.5 77.5 16.5
77.5 16.5 77.5 17.5
77.5 17.5 75.5 17.5
75.5 17.5 75.5 16.5

37.5 15.5 38.5 15.5
38.5 15.5 38.5 17.5
38.5 17.5 37.5 17.5
37.5 17.5 37.5 15.5

61.5 18.5 62.5 18.5
62.5 18.5 62.5 20.5
62.5 20.5 61.5 20.5
61.5 20.5 61.5 18.5

13.5 14.5 18.5 14.5
18.5 14.5 18.5 19.5
18.5 19.5 13.5 19.5
13.5 19.5 13.5 14.5

19.5 14.5 24.5 14.5
24.5 14.5 24.5 19.5
24.5 19.5 19.5 19.5
19.5 19.5 19.5 14.5

39.5 13.5 44.5 13.5
44.5 13.5 44.5 18.5
44.5 18.5 39.5 18.5
39.5 18.5 39.5 13.5

71.5 17.5 73.5 17.5
73.5 17.5 73.5 18.5
73.5 18.5 71.5 18.5
71.5 18.5 71.5 17.5

78.5 16.5 79.5 16.5
79.5 16.5 79.5 18.5
79.5 18.5 78.5 18.5
78.5 18.5 78.5 16.5

34.5 14.5 36.5 14.5
36.5 14.5 36.5 15.5
36.5 15.5 34.5 15.5
34.5 15.5 34.5 14.5

55.5 18.5 56.5 18.5
56.5 18.5 56.5 20.5
56.5 20.5 55.5 20.5
55.5 20.5 55.5 18.5

53.5 15.5 54.5 15.5
54.5 15.5 54.5 17.5
54.5 17.5 53.5 17.5
53.5 17.5 53.5 15.5

35.5 18.5 36.5 18.5
36.5 18.5 36.5 20.5
36.5 20.5 35.5 20.5
35.5 20.5 35.5 18.5

80.5 14.5 82.5 14.5
82.5 14.5 82.5 15.5
82.5 15.5 80.5 15.5
80.5 15.5 80.5 14.5

29.5 18.5 31.5 18.5
31.5 18.5 31.5 19.5
31.5 19.5 29.5 19.5
29.5 19.5 29.5 18.5

27.5 13.5 29.5 13.5
29.5 13.5 29.5 14.5
29.5 14.5 27.5 14.5
27.5 14.5 27.5 13.5

26.5 16.5 27.5 16.5
27.5 16.5 27.5 18.5
27.5 18.5 26.5 18.5
26.5 18.5 26.5 16.5

56.5 15.5 57.5 15.5
57.5 15.5 57.5 17.5
57.5 17.5 56.5 17.5
56.5 17.5 56.5 15.5

33.5 18.5 34.5 18.5
34.5 18.5 34.5 20.5
34.5 20.5 33.5 20.5
33.5 20.5 33.5 18.5

54.5 13.5 56.5 13.5
56.5 13.5 56.5 14.5
56.5 14.5 54.5 14.5
54.5 14.5 54.5 13.5

11.5 16.5 12.5 16.5
12.5 16.5 12.5 18.5
12.5 18.5 11.5 18.5
11.5 18.5 11.5 16.5

32.5 15.5 33.5 15.5
33.5 15.5 33.5 17.5
33.5 17.5 32.5 17.5
32.5 17.5 32.5 15.5

