26
1 8.030339 30.012595
4 6.492097 17.337978
1 8.126149 4.195615
1 16.460462 6.518966
1 13.754108 29.259498
1 18.057708 8.344645
1 29.763172 29.864101
1 36.186079 9.252602
1 35.223878 29.499730
1 45.182944 4.762859
1 46.608490 29.425333
1 56.865571 4.639934
1 59.892479 28.921582
1 72.579491 5.446926
1 74.001111 30.157655
1 81.911451 4.156175
1 78.278524 30.110148
1 90.330920 4.850850
1 88.932609 30.916867
6 26.359817 17.615849
3 53.313228 16.921173
4 75.959651 17.199043
2 97.882749 17.403389
5 38.169301 17.754784
5 64.566972 16.643303
3 87.630418 17.332403
25
1 19
1 0
19 4
1 2
1 3
19 5
19 7
19 6
19 23
23 8
23 9
23 10
23 20
20 11
20 24
24 12
24 13
24 14
24 21
21 16
21 15
21 25
25 18
22 17
25 22
