192
2 2.267842 32.826103
2 11.093765 32.790799
2 7.319890 26.516035
2 7.328209 24.982084
2 3.596365 28.089277
2 10.920709 27.958485
1 0.762542 25.996607
1 0.500958 34.628870
1 12.359420 34.410884
1 12.403017 25.429843
5 7.052448 28.397650
4 18.349470 24.974466
1 16.649436 26.350899
1 13.920435 26.714766
4 17.968453 27.169599
3 16.376536 28.943450
2 14.648168 31.536002
1 19.833271 26.032515
2 19.378438 28.488617
2 20.015205 30.808268
1 19.423921 33.355336
2 17.786520 30.398918
1 17.195236 33.446303
1 13.920435 34.083070
1 23.260981 34.080359
1 32.852355 34.198771
1 23.438599 26.383577
1 33.089179 26.205959
5 28.293492 26.383577
2 28.338539 24.932743
1 34.494733 34.462338
1 39.322860 34.427852
1 34.770626 25.840682
1 39.288374 25.702736
5 36.420100 25.637112
2 36.347357 24.962358
2 43.359554 24.989427
1 41.026947 25.992145
1 40.962010 34.109263
1 55.929976 34.174200
1 55.994913 25.894739
1 50.929831 33.849515
1 45.507596 34.044326
3 51.644138 30.180578
3 45.540065 28.557154
6 43.429614 26.024613
2 51.903885 28.329875
1 55.410480 30.407857
1 57.836417 34.231387
1 65.814202 34.413528
2 59.621401 31.462841
2 63.810649 31.244271
1 58.127843 25.852891
1 65.814202 25.852891
3 61.624954 28.840007
4 61.400370 25.844983
2 61.391548 24.920594
1 67.821298 34.281950
1 74.472827 34.176788
2 68.504854 31.547725
2 73.368620 31.495144
2 69.687933 29.128988
2 72.369576 28.734628
1 67.847589 25.895240
1 74.157339 26.026694
5 70.423034 25.824656
2 70.353406 24.941403
1 75.774209 34.287405
1 84.310288 34.186386
2 76.860160 31.181080
2 82.870771 31.029552
2 78.324931 28.049501
1 75.976246 25.700817
1 83.603157 26.003873
2 81.734311 28.049501
3 78.526968 26.155401
4 77.365253 25.827090
2 77.365253 24.993686
1 86.282148 34.110243
1 98.773922 34.045011
1 98.741306 25.988958
5 88.411310 26.036770
2 88.304315 24.966815
1 85.993213 26.058169
2 88.295697 30.869447
2 95.313710 31.182751
2 90.676809 28.363014
2 93.245903 26.201215
2 7.455122 9.927818
1 1.392275 1.197319
1 8.263501 1.332049
1 1.473113 9.119438
1 9.071881 8.823032
2 3.817414 4.376945
3 7.239554 6.775138
2 5.272497 8.769140
4 7.390965 8.894288
2 13.309384 9.942396
1 10.976958 1.071925
1 16.020840 0.783703
1 11.092247 9.055668
1 15.963195 9.142135
2 12.619823 4.530586
2 14.377976 5.251141
5 13.311555 9.055668
2 19.364213 9.949156
1 18.009570 8.940379
1 25.301582 8.853913
1 18.211325 1.071925
1 25.157471 0.956636
2 19.018346 4.011787
2 23.456962 4.328831
4 19.335390 9.055668
2 21.554698 8.767446
3 19.681257 7.528093
2 35.302878 9.949156
1 27.434423 9.055668
1 36.225188 9.084490
4 35.302878 9.055668
1 26.973268 0.898991
1 36.052254 1.100747
2 35.302878 5.452896
2 30.518396 5.135852
2 31.584817 8.882735
3 34.870545 8.306292
2 42.337824 9.941198
4 42.330300 9.084135
1 38.218859 9.056726
1 48.990835 8.892268
1 37.999583 0.916073
1 48.936015 1.080530
3 42.659216 6.644680
2 55.322453 9.988652
4 55.267634 9.029316
1 51.019145 8.864858
1 63.024553 9.001906
1 51.238422 1.025711
1 63.106781 1.025711
4 55.541730 5.630525
1 56.665524 1.107940
2 69.304796 9.942322
8 69.278730 9.003937
1 64.951730 8.977871
1 64.977796 5.172196
1 65.029929 1.079793
1 69.591525 1.053727
1 74.048856 1.001594
1 73.996723 5.537124
1 73.970657 8.951804
2 79.340307 9.994455
11 79.392439 9.160335
1 75.899560 9.108202
1 76.003825 6.892570
1 76.003825 3.660353
1 75.951693 1.001594
1 79.079644 1.131926
1 83.693373 0.845197
1 87.134119 1.079793
1 87.003788 4.155612
1 86.977722 7.048967
1 87.055920 9.030003
2 93.379309 9.955811
11 93.351378 9.062011
1 89.049968 8.894424
1 89.077899 6.939237
1 89.161693 4.118183
1 88.966174 1.241265
1 92.122404 1.045747
1 96.060708 1.017815
1 99.077282 0.850228
1 98.937625 3.978526
1 98.937625 7.078894
1 98.937625 9.034080
4 7.311750 23.698201
2 18.367676 23.782813
2 28.380057 23.754609
2 36.333554 23.811017
2 43.328119 23.867424
2 61.378610 23.895628
2 70.375651 24.008444
2 77.370216 23.895628
2 88.369733 23.952036
2 93.305414 11.062858
2 79.372692 11.119266
2 69.191087 11.091062
2 55.314773 10.893635
2 42.312779 10.893635
2 35.290010 10.893635
2 19.326608 10.950042
2 13.290975 10.978246
2 7.424566 10.865431
18 0.109324 17.577827
192
7 0
6 4
0 10
4 10
8 1
1 10
5 10
9 5
10 2
2 3
23 16
16 15
13 15
22 21
20 19
19 18
21 14
15 14
12 11
14 11
17 11
18 14
24 28
25 28
26 28
27 28
28 29
30 34
31 34
32 34
33 34
34 35
38 45
37 45
42 44
44 45
41 43
43 44
39 43
40 45
47 46
46 45
45 36
48 50
49 51
50 54
51 54
54 55
52 55
53 55
55 56
57 59
59 61
58 60
60 62
62 65
61 65
63 65
64 65
65 66
67 69
68 70
70 74
73 75
69 71
74 75
71 76
75 76
76 77
72 76
78 84
79 85
80 87
85 86
84 81
86 81
87 81
83 81
81 82
89 93
90 94
93 94
91 95
95 96
94 96
92 96
96 88
98 102
99 103
102 104
103 104
100 104
101 104
104 97
108 110
109 111
110 114
111 114
107 113
113 112
114 112
106 112
112 105
119 122
120 121
116 123
122 124
121 124
123 118
124 118
117 118
118 115
129 131
130 131
131 126
127 126
128 126
126 125
136 138
139 138
137 138
134 133
138 133
135 133
133 132
148 141
142 141
141 140
143 141
141 147
141 145
141 144
141 146
154 150
155 150
153 150
152 150
151 150
156 150
157 150
158 150
159 150
160 150
150 149
166 162
165 162
164 162
163 162
167 162
162 168
169 162
162 170
171 162
162 172
162 161
173 3
174 11
175 29
176 35
177 36
178 56
179 66
180 77
181 82
182 161
183 149
184 140
185 132
186 125
187 115
188 105
189 97
190 88
173 173
191 173
191 190
191 174
191 189
191 188
191 175
191 176
191 187
186 191
177 191
178 191
185 191
184 191
179 191
180 191
183 191
181 191
182 191

