55
2 0.020733 24.787380
3 0.000004 23.564396
3 -0.041453 21.968299
3 -0.020724 20.517300
3 0.020733 19.045574
3 0.062190 17.511662
3 0.000004 16.060664
3 0.020733 14.485294
3 0.020733 12.992839
3 0.020733 11.541841
2 0.041461 10.111572
3 2.010673 24.787380
4 2.031401 23.585125
4 1.948487 22.009756
4 1.989944 20.620943
4 1.989944 19.004117
4 1.989944 17.594576
4 1.969216 15.998478
4 1.948487 14.609666
4 1.969216 13.034296
4 2.052130 11.624755
3 2.010673 10.194486
3 3.984646 24.752231
4 3.998246 23.705031
4 3.998246 21.991432
4 3.984646 20.685832
4 3.998246 18.958632
4 4.025446 17.585032
4 4.011846 15.993833
4 3.943846 14.606633
4 3.984646 13.001833
4 3.998246 11.682633
3 3.984646 10.173034
3 5.973450 24.744047
4 5.989176 23.706151
4 5.941999 22.007777
4 5.957724 20.608191
4 5.989176 19.019897
4 6.052078 17.620311
4 6.004901 16.032016
4 6.036353 14.522350
4 6.004901 12.981233
4 6.004901 11.644550
3 5.995899 10.130728
2 7.984415 10.202386
3 8.020244 11.599722
3 7.930671 13.014972
3 8.002330 14.537709
3 7.984415 16.006703
3 7.966500 17.636928
3 7.984415 19.016349
3 7.984415 20.574916
3 7.948586 22.008081
3 8.002330 23.638306
2 7.993761 24.787171
94
11 0
12 1
12 11
0 1
1 2
2 3
3 4
4 5
5 6
6 7
7 8
8 9
9 10
13 2
13 12
14 13
14 3
15 14
15 4
16 15
16 5
17 16
17 6
18 17
18 7
19 18
19 8
20 19
20 9
21 20
21 10
22 11
23 22
23 12
24 23
24 13
25 24
25 14
26 25
26 15
27 26
27 16
28 27
28 17
29 28
29 18
30 29
30 19
31 30
31 20
32 31
32 21
33 22
34 33
34 23
35 34
35 24
36 35
36 25
37 36
37 26
38 37
38 27
39 38
39 28
40 39
40 29
41 40
41 30
42 41
42 31
43 42
43 32
44 43
48 47
47 46
46 45
45 44
45 42
46 41
47 40
48 39
49 48
49 38
50 49
51 50
50 37
36 51
52 51
52 35
54 53
53 52
53 34
54 33

