1670
2 2.267842 32.826103
2 11.093765 32.790799
2 7.319890 26.516035
3 7.339116 24.633047
2 3.596365 28.089277
2 10.920709 27.958485
1 0.762542 25.996607
1 0.500958 34.628870
1 12.359420 34.410884
1 12.403017 25.429843
5 7.052448 28.397650
4 18.358084 25.241510
1 16.649436 26.350899
1 13.920435 26.714766
4 17.968453 27.169599
3 16.376536 28.943450
2 14.648168 31.536002
1 19.833271 26.032515
2 19.378438 28.488617
2 20.015205 30.808268
1 19.423921 33.355336
2 17.786520 30.398918
1 17.195236 33.446303
1 13.920435 34.083070
1 23.260981 34.080359
1 32.852355 34.198771
1 23.438599 26.383577
1 33.089179 26.205959
5 28.293492 26.383577
3 28.353285 24.615707
1 34.494733 34.462338
1 39.322860 34.427852
1 34.770626 25.840682
1 39.288374 25.702736
5 36.420100 25.637112
2 36.347357 24.962358
2 43.359554 24.989427
1 41.026947 25.992145
1 40.962010 34.109263
1 55.929976 34.174200
1 55.994913 25.894739
1 50.929831 33.849515
1 45.507596 34.044326
3 51.644138 30.180578
3 45.540065 28.557154
6 43.429614 26.024613
2 51.903885 28.329875
1 55.410480 30.407857
1 57.836417 34.231387
1 65.814202 34.413528
2 59.621401 31.462841
2 63.810649 31.244271
1 58.127843 25.852891
1 65.814202 25.852891
3 61.624954 28.840007
4 61.400370 25.844983
3 61.391548 24.633965
1 67.821298 34.281950
1 74.472827 34.176788
2 68.504854 31.547725
2 73.368620 31.495144
2 69.687933 29.128988
2 72.369576 28.734628
1 67.847589 25.895240
1 74.157339 26.026694
5 70.373658 25.824656
2 70.378094 24.982549
1 75.774209 34.287405
1 84.310288 34.186386
2 76.860160 31.181080
2 82.870771 31.029552
2 78.324931 28.049501
1 75.976246 25.700817
1 83.603157 26.003873
2 81.734311 28.049501
3 78.526968 26.155401
4 77.365253 25.827090
3 77.382470 24.640736
1 86.282148 34.110243
1 98.773922 34.045011
1 98.741306 25.988958
5 88.411310 26.036770
2 88.336811 24.960316
1 85.993213 26.058169
2 88.295697 30.869447
2 95.313710 31.182751
2 90.676809 28.363014
2 93.245903 26.201215
2 7.455122 9.927818
1 1.392275 1.197319
1 8.263501 1.332049
1 1.473113 9.119438
1 9.071881 8.823032
2 3.817414 4.376945
3 7.239554 6.775138
2 5.272497 8.769140
4 7.390965 8.894288
2 13.309384 9.942396
1 10.976958 1.071925
1 16.020840 0.783703
1 11.092247 9.055668
1 15.963195 9.142135
2 12.619823 4.530586
2 14.377976 5.251141
5 13.311555 9.055668
2 19.364213 9.949156
1 18.009570 8.940379
1 25.301582 8.853913
1 18.211325 1.071925
1 25.157471 0.956636
2 19.018346 4.011787
2 23.456962 4.328831
4 19.335390 9.055668
2 21.554698 8.767446
3 19.681257 7.528093
2 35.302878 9.949156
1 27.434423 9.055668
1 36.225188 9.084490
4 35.302878 9.055668
1 26.973268 0.898991
1 36.052254 1.100747
2 35.302878 5.452896
2 30.518396 5.135852
2 31.584817 8.882735
3 34.870545 8.306292
2 42.337824 9.941198
4 42.330300 9.084135
1 38.218859 9.056726
1 48.990835 8.892268
1 37.999583 0.916073
1 48.936015 1.080530
3 42.659216 6.644680
2 55.322453 9.988652
4 55.267634 9.029316
1 51.019145 8.864858
1 63.024553 9.001906
1 51.238422 1.025711
1 63.106781 1.025711
4 55.541730 5.630525
1 56.665524 1.107940
2 69.304796 9.942322
8 69.278730 9.003937
1 64.951730 8.977871
1 64.977796 5.172196
1 65.029929 1.079793
1 69.591525 1.053727
1 74.048856 1.001594
1 73.996723 5.537124
1 73.970657 8.951804
2 79.340307 9.994455
11 79.392439 9.160335
1 75.899560 9.108202
1 76.003825 6.892570
1 76.003825 3.660353
1 75.951693 1.001594
1 79.079644 1.131926
1 83.693373 0.845197
1 87.134119 1.079793
1 87.003788 4.155612
1 86.977722 7.048967
1 87.055920 9.030003
2 93.379309 9.955811
11 93.351378 9.062011
1 89.049968 8.894424
1 89.077899 6.939237
1 89.161693 4.118183
1 88.966174 1.241265
1 92.122404 1.045747
1 96.060708 1.017815
1 99.077282 0.850228
1 98.937625 3.978526
1 98.937625 7.078894
1 98.937625 9.034080
0 3.993036 15.013794
0 5.986629 24.516590
2 0.000000 24.500000
3 0.000000 24.000000
3 0.000000 23.000000
3 0.000000 22.000000
3 0.000000 21.000000
3 0.000000 20.000000
3 0.000000 19.000000
3 0.000000 18.000000
3 0.000000 17.000000
3 0.000000 16.000000
3 0.000000 15.000000
3 0.000000 14.000000
3 0.000000 13.000000
3 0.000000 12.000000
3 0.000000 11.000000
2 0.000000 10.500000
3 1.000000 24.500000
4 1.000000 24.000000
4 1.000000 23.000000
4 1.000000 22.000000
4 1.000000 21.000000
4 1.000000 20.000000
4 1.000000 19.000000
4 1.000000 18.000000
4 1.000000 17.000000
4 1.000000 16.000000
4 1.000000 15.000000
4 1.000000 14.000000
4 1.000000 13.000000
4 1.000000 12.000000
4 1.000000 11.000000
3 1.000000 10.500000
3 2.000000 24.500000
4 2.000000 24.000000
4 2.000000 23.000000
4 2.000000 22.000000
4 2.000000 21.000000
4 2.000000 20.000000
4 2.000000 19.000000
4 2.000000 18.000000
4 2.000000 17.000000
4 2.000000 16.000000
4 2.000000 15.000000
4 2.000000 14.000000
4 2.000000 13.000000
4 2.000000 12.000000
4 2.000000 11.000000
3 2.000000 10.500000
3 3.000000 24.500000
4 3.000000 24.000000
4 3.000000 23.000000
4 3.000000 22.000000
4 3.000000 21.000000
4 3.000000 20.000000
4 3.000000 19.000000
4 3.000000 18.000000
4 3.000000 17.000000
4 3.000000 16.000000
4 3.000000 15.000000
4 3.000000 14.000000
4 3.000000 13.000000
4 3.000000 12.000000
4 3.000000 11.000000
3 3.000000 10.500000
3 4.000000 24.500000
4 4.000000 24.000000
4 4.000000 23.000000
4 4.000000 22.000000
4 4.000000 21.000000
4 4.000000 20.000000
4 4.000000 19.000000
4 4.000000 18.000000
4 4.000000 17.000000
4 4.000000 16.000000
4 4.000000 15.000000
4 4.000000 14.000000
4 4.000000 13.000000
4 4.000000 12.000000
4 4.000000 11.000000
3 4.000000 10.500000
3 5.000000 24.500000
4 5.000000 24.000000
4 5.000000 23.000000
4 5.000000 22.000000
4 5.000000 21.000000
4 5.000000 20.000000
4 5.000000 19.000000
4 5.000000 18.000000
4 5.000000 17.000000
4 5.000000 16.000000
4 5.000000 15.000000
4 5.000000 14.000000
4 5.000000 13.000000
4 5.000000 12.000000
4 5.000000 11.000000
3 5.000000 10.500000
3 6.000000 24.500000
4 6.000000 24.000000
4 6.000000 23.000000
4 6.000000 22.000000
4 6.000000 21.000000
4 6.000000 20.000000
4 6.000000 19.000000
4 6.000000 18.000000
4 6.000000 17.000000
4 6.000000 16.000000
4 6.000000 15.000000
4 6.000000 14.000000
4 6.000000 13.000000
4 6.000000 12.000000
4 6.000000 11.000000
3 6.000000 10.500000
4 7.000000 24.500000
4 7.000000 24.000000
4 7.000000 23.000000
4 7.000000 22.000000
4 7.000000 21.000000
4 7.000000 20.000000
4 7.000000 19.000000
4 7.000000 18.000000
4 7.000000 17.000000
4 7.000000 16.000000
4 7.000000 15.000000
4 7.000000 14.000000
4 7.000000 13.000000
4 7.000000 12.000000
4 7.000000 11.000000
4 7.000000 10.500000
4 8.000000 24.500000
4 8.000000 24.000000
4 8.000000 23.000000
4 8.000000 22.000000
4 8.000000 21.000000
4 8.000000 20.000000
4 8.000000 19.000000
4 8.000000 18.000000
4 8.000000 17.000000
4 8.000000 16.000000
4 8.000000 15.000000
4 8.000000 14.000000
4 8.000000 13.000000
4 8.000000 12.000000
4 8.000000 11.000000
4 8.000000 10.500000
3 9.000000 24.500000
4 9.000000 24.000000
4 9.000000 23.000000
4 9.000000 22.000000
4 9.000000 21.000000
4 9.000000 20.000000
4 9.000000 19.000000
4 9.000000 18.000000
4 9.000000 17.000000
4 9.000000 16.000000
4 9.000000 15.000000
3 9.000000 14.000000
4 9.000000 13.000000
4 9.000000 12.000000
4 9.000000 11.000000
3 9.000000 10.500000
3 10.000000 24.500000
4 10.000000 24.000000
4 10.000000 23.000000
4 10.000000 22.000000
4 10.000000 21.000000
4 10.000000 20.000000
4 10.000000 19.000000
4 10.000000 18.000000
4 10.000000 17.000000
4 10.000000 16.000000
3 10.000000 15.000000
3 10.000000 13.000000
4 10.000000 12.000000
4 10.000000 11.000000
3 10.000000 10.500000
3 11.000000 24.500000
4 11.000000 24.000000
4 11.000000 23.000000
4 11.000000 22.000000
4 11.000000 21.000000
4 11.000000 20.000000
4 11.000000 19.000000
4 11.000000 18.000000
4 11.000000 17.000000
4 11.000000 16.000000
3 11.000000 15.000000
3 11.000000 13.000000
4 11.000000 12.000000
4 11.000000 11.000000
3 11.000000 10.500000
3 12.000000 24.500000
4 12.000000 24.000000
4 12.000000 23.000000
4 12.000000 22.000000
4 12.000000 21.000000
4 12.000000 20.000000
4 12.000000 19.000000
4 12.000000 18.000000
3 12.000000 17.000000
4 12.000000 16.000000
4 12.000000 15.000000
2 12.000000 14.000000
4 12.000000 13.000000
4 12.000000 12.000000
4 12.000000 11.000000
3 12.000000 10.500000
3 13.000000 24.500000
4 13.000000 24.000000
4 13.000000 23.000000
4 13.000000 22.000000
4 13.000000 21.000000
4 13.000000 20.000000
4 13.000000 19.000000
3 13.000000 18.000000
3 13.000000 16.000000
3 13.000000 15.000000
3 13.000000 13.000000
4 13.000000 12.000000
4 13.000000 11.000000
4 13.000000 10.500000
3 14.000000 24.500000
4 14.000000 24.000000
4 14.000000 23.000000
4 14.000000 22.000000
4 14.000000 21.000000
4 14.000000 20.000000
4 14.000000 19.000000
3 14.000000 18.000000
3 14.000000 16.000000
3 14.000000 15.000000
3 14.000000 13.000000
4 14.000000 12.000000
4 14.000000 11.000000
4 14.000000 10.500000
3 15.000000 24.500000
4 15.000000 24.000000
4 15.000000 23.000000
4 15.000000 22.000000
4 15.000000 21.000000
3 15.000000 20.000000
3 15.000000 19.000000
3 15.000000 18.000000
2 15.000000 17.000000
3 15.000000 16.000000
4 15.000000 15.000000
2 15.000000 14.000000
4 15.000000 13.000000
4 15.000000 12.000000
4 15.000000 11.000000
3 15.000000 10.500000
3 16.000000 24.500000
4 16.000000 24.000000
4 16.000000 23.000000
4 16.000000 22.000000
3 16.000000 21.000000
2 16.000000 15.000000
3 16.000000 13.000000
4 16.000000 12.000000
4 16.000000 11.000000
3 16.000000 10.500000
3 17.000000 24.500000
4 17.000000 24.000000
4 17.000000 23.000000
4 17.000000 22.000000
3 17.000000 21.000000
2 17.000000 15.000000
3 17.000000 13.000000
4 17.000000 12.000000
4 17.000000 11.000000
3 17.000000 10.500000
4 18.000000 24.500000
4 18.000000 24.000000
4 18.000000 23.000000
4 18.000000 22.000000
3 18.000000 21.000000
3 18.000000 15.000000
3 18.000000 14.000000
4 18.000000 13.000000
4 18.000000 12.000000
4 18.000000 11.000000
3 18.000000 10.500000
4 19.000000 24.500000
4 19.000000 24.000000
4 19.000000 23.000000
4 19.000000 22.000000
3 19.000000 21.000000
3 19.000000 15.000000
4 19.000000 14.000000
4 19.000000 13.000000
4 19.000000 12.000000
4 19.000000 11.000000
4 19.000000 10.500000
3 20.000000 24.500000
4 20.000000 24.000000
4 20.000000 23.000000
4 20.000000 22.000000
3 20.000000 21.000000
3 20.000000 15.000000
4 20.000000 14.000000
4 20.000000 13.000000
4 20.000000 12.000000
4 20.000000 11.000000
4 20.000000 10.500000
3 21.000000 24.500000
4 21.000000 24.000000
4 21.000000 23.000000
4 21.000000 22.000000
4 21.000000 21.000000
3 21.000000 20.000000
2 21.000000 19.000000
2 21.000000 18.000000
3 21.000000 17.000000
3 21.000000 16.000000
4 21.000000 15.000000
4 21.000000 14.000000
4 21.000000 13.000000
4 21.000000 12.000000
4 21.000000 11.000000
3 21.000000 10.500000
3 22.000000 24.500000
4 22.000000 24.000000
4 22.000000 23.000000
4 22.000000 22.000000
4 22.000000 21.000000
3 22.000000 20.000000
3 22.000000 17.000000
4 22.000000 16.000000
4 22.000000 15.000000
4 22.000000 14.000000
4 22.000000 13.000000
4 22.000000 12.000000
4 22.000000 11.000000
3 22.000000 10.500000
3 23.000000 24.500000
4 23.000000 24.000000
4 23.000000 23.000000
4 23.000000 22.000000
4 23.000000 21.000000
3 23.000000 20.000000
2 23.000000 19.000000
3 23.000000 18.000000
4 23.000000 17.000000
4 23.000000 16.000000
4 23.000000 15.000000
4 23.000000 14.000000
4 23.000000 13.000000
4 23.000000 12.000000
4 23.000000 11.000000
3 23.000000 10.500000
3 24.000000 24.500000
4 24.000000 24.000000
4 24.000000 23.000000
4 24.000000 22.000000
3 24.000000 21.000000
3 24.000000 18.000000
4 24.000000 17.000000
3 24.000000 16.000000
4 24.000000 15.000000
4 24.000000 14.000000
4 24.000000 13.000000
4 24.000000 12.000000
4 24.000000 11.000000
3 24.000000 10.500000
3 25.000000 24.500000
4 25.000000 24.000000
4 25.000000 23.000000
4 25.000000 22.000000
4 25.000000 21.000000
3 25.000000 20.000000
3 25.000000 19.000000
4 25.000000 18.000000
3 25.000000 17.000000
3 25.000000 15.000000
4 25.000000 14.000000
4 25.000000 13.000000
4 25.000000 12.000000
4 25.000000 11.000000
3 25.000000 10.500000
3 26.000000 24.500000
4 26.000000 24.000000
4 26.000000 23.000000
4 26.000000 22.000000
4 26.000000 21.000000
4 26.000000 20.000000
4 26.000000 19.000000
4 26.000000 18.000000
3 26.000000 17.000000
3 26.000000 15.000000
4 26.000000 14.000000
4 26.000000 13.000000
4 26.000000 12.000000
4 26.000000 11.000000
3 26.000000 10.500000
3 27.000000 24.500000
4 27.000000 24.000000
4 27.000000 23.000000
4 27.000000 22.000000
4 27.000000 21.000000
4 27.000000 20.000000
3 27.000000 19.000000
3 27.000000 18.000000
4 27.000000 17.000000
3 27.000000 16.000000
4 27.000000 15.000000
4 27.000000 14.000000
4 27.000000 13.000000
4 27.000000 12.000000
4 27.000000 11.000000
3 27.000000 10.500000
4 28.000000 24.500000
4 28.000000 24.000000
4 28.000000 23.000000
4 28.000000 22.000000
4 28.000000 21.000000
3 28.000000 20.000000
3 28.000000 17.000000
4 28.000000 16.000000
4 28.000000 15.000000
3 28.000000 14.000000
4 28.000000 13.000000
4 28.000000 12.000000
4 28.000000 11.000000
3 28.000000 10.500000
4 29.000000 24.500000
4 29.000000 24.000000
4 29.000000 23.000000
4 29.000000 22.000000
4 29.000000 21.000000
4 29.000000 20.000000
3 29.000000 19.000000
3 29.000000 18.000000
4 29.000000 17.000000
4 29.000000 16.000000
3 29.000000 15.000000
3 29.000000 13.000000
4 29.000000 12.000000
4 29.000000 11.000000
3 29.000000 10.500000
3 30.000000 24.500000
4 30.000000 24.000000
4 30.000000 23.000000
4 30.000000 22.000000
4 30.000000 21.000000
4 30.000000 20.000000
4 30.000000 19.000000
4 30.000000 18.000000
4 30.000000 17.000000
4 30.000000 16.000000
3 30.000000 15.000000
3 30.000000 13.000000
4 30.000000 12.000000
4 30.000000 11.000000
3 30.000000 10.500000
3 31.000000 24.500000
4 31.000000 24.000000
4 31.000000 23.000000
4 31.000000 22.000000
4 31.000000 21.000000
4 31.000000 20.000000
4 31.000000 19.000000
4 31.000000 18.000000
3 31.000000 17.000000
4 31.000000 16.000000
4 31.000000 15.000000
3 31.000000 14.000000
4 31.000000 13.000000
4 31.000000 12.000000
4 31.000000 11.000000
3 31.000000 10.500000
3 32.000000 24.500000
4 32.000000 24.000000
4 32.000000 23.000000
4 32.000000 22.000000
4 32.000000 21.000000
4 32.000000 20.000000
4 32.000000 19.000000
3 32.000000 18.000000
3 32.000000 16.000000
4 32.000000 15.000000
4 32.000000 14.000000
4 32.000000 13.000000
4 32.000000 12.000000
4 32.000000 11.000000
3 32.000000 10.500000
3 33.000000 24.500000
4 33.000000 24.000000
4 33.000000 23.000000
4 33.000000 22.000000
4 33.000000 21.000000
4 33.000000 20.000000
4 33.000000 19.000000
3 33.000000 18.000000
3 33.000000 16.000000
3 33.000000 15.000000
4 33.000000 14.000000
4 33.000000 13.000000
4 33.000000 12.000000
4 33.000000 11.000000
3 33.000000 10.500000
3 34.000000 24.500000
4 34.000000 24.000000
4 34.000000 23.000000
4 34.000000 22.000000
4 34.000000 21.000000
4 34.000000 20.000000
3 34.000000 19.000000
3 34.000000 18.000000
3 34.000000 17.000000
3 34.000000 16.000000
3 34.000000 14.000000
4 34.000000 13.000000
4 34.000000 12.000000
4 34.000000 11.000000
3 34.000000 10.500000
3 35.000000 24.500000
4 35.000000 24.000000
4 35.000000 23.000000
4 35.000000 22.000000
4 35.000000 21.000000
3 35.000000 20.000000
3 35.000000 17.000000
3 35.000000 16.000000
3 35.000000 14.000000
4 35.000000 13.000000
4 35.000000 12.000000
4 35.000000 11.000000
4 35.000000 10.500000
4 36.000000 24.500000
4 36.000000 24.000000
4 36.000000 23.000000
4 36.000000 22.000000
4 36.000000 21.000000
4 36.000000 20.000000
3 36.000000 19.000000
3 36.000000 18.000000
4 36.000000 17.000000
4 36.000000 16.000000
3 36.000000 15.000000
4 36.000000 14.000000
4 36.000000 13.000000
4 36.000000 12.000000
4 36.000000 11.000000
4 36.000000 10.500000
4 37.000000 24.500000
4 37.000000 24.000000
4 37.000000 23.000000
4 37.000000 22.000000
4 37.000000 21.000000
4 37.000000 20.000000
4 37.000000 19.000000
4 37.000000 18.000000
3 37.000000 17.000000
4 37.000000 16.000000
4 37.000000 15.000000
4 37.000000 14.000000
4 37.000000 13.000000
4 37.000000 12.000000
4 37.000000 11.000000
3 37.000000 10.500000
3 38.000000 24.500000
4 38.000000 24.000000
4 38.000000 23.000000
4 38.000000 22.000000
4 38.000000 21.000000
4 38.000000 20.000000
4 38.000000 19.000000
3 38.000000 18.000000
3 38.000000 16.000000
4 38.000000 15.000000
4 38.000000 14.000000
4 38.000000 13.000000
4 38.000000 12.000000
4 38.000000 11.000000
3 38.000000 10.500000
3 39.000000 24.500000
4 39.000000 24.000000
4 39.000000 23.000000
4 39.000000 22.000000
4 39.000000 21.000000
4 39.000000 20.000000
4 39.000000 19.000000
3 39.000000 18.000000
3 39.000000 16.000000
4 39.000000 15.000000
4 39.000000 14.000000
4 39.000000 13.000000
4 39.000000 12.000000
4 39.000000 11.000000
3 39.000000 10.500000
3 40.000000 24.500000
4 40.000000 24.000000
4 40.000000 23.000000
4 40.000000 22.000000
4 40.000000 21.000000
4 40.000000 20.000000
4 40.000000 19.000000
4 40.000000 18.000000
3 40.000000 17.000000
4 40.000000 16.000000
4 40.000000 15.000000
4 40.000000 14.000000
4 40.000000 13.000000
4 40.000000 12.000000
4 40.000000 11.000000
3 40.000000 10.500000
3 41.000000 24.500000
4 41.000000 24.000000
4 41.000000 23.000000
4 41.000000 22.000000
4 41.000000 21.000000
4 41.000000 20.000000
4 41.000000 19.000000
4 41.000000 18.000000
3 41.000000 17.000000
4 41.000000 16.000000
3 41.000000 15.000000
4 41.000000 14.000000
4 41.000000 13.000000
4 41.000000 12.000000
4 41.000000 11.000000
3 41.000000 10.500000
3 42.000000 24.500000
4 42.000000 24.000000
4 42.000000 23.000000
4 42.000000 22.000000
4 42.000000 21.000000
4 42.000000 20.000000
4 42.000000 19.000000
3 42.000000 18.000000
2 42.000000 16.000000
3 42.000000 14.000000
4 42.000000 13.000000
4 42.000000 12.000000
4 42.000000 11.000000
4 42.000000 10.500000
4 43.000000 24.500000
4 43.000000 24.000000
4 43.000000 23.000000
4 43.000000 22.000000
4 43.000000 21.000000
4 43.000000 20.000000
4 43.000000 19.000000
3 43.000000 18.000000
2 43.000000 16.000000
3 43.000000 14.000000
4 43.000000 13.000000
4 43.000000 12.000000
4 43.000000 11.000000
4 43.000000 10.500000
4 44.000000 24.500000
4 44.000000 24.000000
4 44.000000 23.000000
4 44.000000 22.000000
4 44.000000 21.000000
4 44.000000 20.000000
4 44.000000 19.000000
3 44.000000 18.000000
3 44.000000 17.000000
4 44.000000 16.000000
3 44.000000 15.000000
3 44.000000 14.000000
4 44.000000 13.000000
4 44.000000 12.000000
4 44.000000 11.000000
3 44.000000 10.500000
3 45.000000 24.500000
4 45.000000 24.000000
4 45.000000 23.000000
4 45.000000 22.000000
4 45.000000 21.000000
4 45.000000 20.000000
3 45.000000 19.000000
3 45.000000 17.000000
4 45.000000 16.000000
3 45.000000 15.000000
3 45.000000 13.000000
4 45.000000 12.000000
4 45.000000 11.000000
3 45.000000 10.500000
3 46.000000 24.500000
4 46.000000 24.000000
4 46.000000 23.000000
4 46.000000 22.000000
4 46.000000 21.000000
4 46.000000 20.000000
3 46.000000 19.000000
3 46.000000 17.000000
4 46.000000 16.000000
3 46.000000 15.000000
3 46.000000 13.000000
4 46.000000 12.000000
4 46.000000 11.000000
3 46.000000 10.500000
3 47.000000 24.500000
4 47.000000 24.000000
4 47.000000 23.000000
4 47.000000 22.000000
4 47.000000 21.000000
4 47.000000 20.000000
3 47.000000 19.000000
2 47.000000 18.000000
4 47.000000 17.000000
3 47.000000 16.000000
4 47.000000 15.000000
3 47.000000 14.000000
4 47.000000 13.000000
4 47.000000 12.000000
4 47.000000 11.000000
3 47.000000 10.500000
3 48.000000 24.500000
4 48.000000 24.000000
4 48.000000 23.000000
4 48.000000 22.000000
4 48.000000 21.000000
3 48.000000 20.000000
2 48.000000 17.000000
3 48.000000 15.000000
4 48.000000 14.000000
4 48.000000 13.000000
4 48.000000 12.000000
4 48.000000 11.000000
3 48.000000 10.500000
3 49.000000 24.500000
4 49.000000 24.000000
4 49.000000 23.000000
4 49.000000 22.000000
4 49.000000 21.000000
4 49.000000 20.000000
3 49.000000 19.000000
3 49.000000 18.000000
3 49.000000 17.000000
3 49.000000 15.000000
4 49.000000 14.000000
4 49.000000 13.000000
4 49.000000 12.000000
4 49.000000 11.000000
3 49.000000 10.500000
3 50.000000 24.500000
4 50.000000 24.000000
4 50.000000 23.000000
4 50.000000 22.000000
4 50.000000 21.000000
4 50.000000 20.000000
4 50.000000 19.000000
4 50.000000 18.000000
4 50.000000 17.000000
3 50.000000 16.000000
4 50.000000 15.000000
4 50.000000 14.000000
4 50.000000 13.000000
4 50.000000 12.000000
4 50.000000 11.000000
3 50.000000 10.500000
3 51.000000 24.500000
4 51.000000 24.000000
4 51.000000 23.000000
4 51.000000 22.000000
4 51.000000 21.000000
3 51.000000 20.000000
3 51.000000 19.000000
3 51.000000 18.000000
3 51.000000 17.000000
3 51.000000 16.000000
4 51.000000 15.000000
4 51.000000 14.000000
4 51.000000 13.000000
4 51.000000 12.000000
4 51.000000 11.000000
3 51.000000 10.500000
3 52.000000 24.500000
4 52.000000 24.000000
4 52.000000 23.000000
4 52.000000 22.000000
3 52.000000 21.000000
3 52.000000 15.000000
4 52.000000 14.000000
4 52.000000 13.000000
4 52.000000 12.000000
4 52.000000 11.000000
3 52.000000 10.500000
3 53.000000 24.500000
4 53.000000 24.000000
4 53.000000 23.000000
4 53.000000 22.000000
3 53.000000 21.000000
3 53.000000 15.000000
4 53.000000 14.000000
4 53.000000 13.000000
4 53.000000 12.000000
4 53.000000 11.000000
3 53.000000 10.500000
3 54.000000 24.500000
4 54.000000 24.000000
4 54.000000 23.000000
4 54.000000 22.000000
3 54.000000 21.000000
3 54.000000 15.000000
4 54.000000 14.000000
4 54.000000 13.000000
4 54.000000 12.000000
4 54.000000 11.000000
3 54.000000 10.500000
3 55.000000 24.500000
4 55.000000 24.000000
4 55.000000 23.000000
4 55.000000 22.000000
3 55.000000 21.000000
3 55.000000 15.000000
4 55.000000 14.000000
4 55.000000 13.000000
4 55.000000 12.000000
4 55.000000 11.000000
4 55.000000 10.500000
3 56.000000 24.500000
4 56.000000 24.000000
4 56.000000 23.000000
4 56.000000 22.000000
3 56.000000 21.000000
3 56.000000 15.000000
4 56.000000 14.000000
4 56.000000 13.000000
4 56.000000 12.000000
4 56.000000 11.000000
4 56.000000 10.500000
3 57.000000 24.500000
4 57.000000 24.000000
4 57.000000 23.000000
4 57.000000 22.000000
4 57.000000 21.000000
3 57.000000 20.000000
3 57.000000 19.000000
3 57.000000 18.000000
3 57.000000 17.000000
3 57.000000 16.000000
4 57.000000 15.000000
4 57.000000 14.000000
4 57.000000 13.000000
4 57.000000 12.000000
4 57.000000 11.000000
3 57.000000 10.500000
3 58.000000 24.500000
4 58.000000 24.000000
4 58.000000 23.000000
4 58.000000 22.000000
4 58.000000 21.000000
4 58.000000 20.000000
4 58.000000 19.000000
4 58.000000 18.000000
4 58.000000 17.000000
4 58.000000 16.000000
4 58.000000 15.000000
4 58.000000 14.000000
4 58.000000 13.000000
4 58.000000 12.000000
4 58.000000 11.000000
3 58.000000 10.500000
3 59.000000 24.500000
4 59.000000 24.000000
4 59.000000 23.000000
4 59.000000 22.000000
4 59.000000 21.000000
4 59.000000 20.000000
3 59.000000 19.000000
3 59.000000 18.000000
4 59.000000 17.000000
4 59.000000 16.000000
4 59.000000 15.000000
4 59.000000 14.000000
4 59.000000 13.000000
4 59.000000 12.000000
4 59.000000 11.000000
3 59.000000 10.500000
3 60.000000 24.500000
4 60.000000 24.000000
4 60.000000 23.000000
4 60.000000 22.000000
4 60.000000 21.000000
3 60.000000 20.000000
3 60.000000 17.000000
3 60.000000 16.000000
4 60.000000 15.000000
4 60.000000 14.000000
4 60.000000 13.000000
4 60.000000 12.000000
4 60.000000 11.000000
3 60.000000 10.500000
4 61.000000 24.500000
4 61.000000 24.000000
4 61.000000 23.000000
4 61.000000 22.000000
4 61.000000 21.000000
4 61.000000 20.000000
3 61.000000 19.000000
3 61.000000 18.000000
3 61.000000 17.000000
3 61.000000 15.000000
4 61.000000 14.000000
4 61.000000 13.000000
4 61.000000 12.000000
4 61.000000 11.000000
3 61.000000 10.500000
4 62.000000 24.500000
4 62.000000 24.000000
4 62.000000 23.000000
4 62.000000 22.000000
4 62.000000 21.000000
4 62.000000 20.000000
4 62.000000 19.000000
4 62.000000 18.000000
3 62.000000 17.000000
3 62.000000 15.000000
4 62.000000 14.000000
4 62.000000 13.000000
4 62.000000 12.000000
4 62.000000 11.000000
3 62.000000 10.500000
3 63.000000 24.500000
4 63.000000 24.000000
4 63.000000 23.000000
4 63.000000 22.000000
4 63.000000 21.000000
4 63.000000 20.000000
4 63.000000 19.000000
4 63.000000 18.000000
3 63.000000 17.000000
2 63.000000 16.000000
4 63.000000 15.000000
4 63.000000 14.000000
4 63.000000 13.000000
4 63.000000 12.000000
4 63.000000 11.000000
3 63.000000 10.500000
3 64.000000 24.500000
4 64.000000 24.000000
4 64.000000 23.000000
4 64.000000 22.000000
4 64.000000 21.000000
4 64.000000 20.000000
4 64.000000 19.000000
3 64.000000 18.000000
3 64.000000 15.000000
4 64.000000 14.000000
4 64.000000 13.000000
4 64.000000 12.000000
4 64.000000 11.000000
3 64.000000 10.500000
3 65.000000 24.500000
4 65.000000 24.000000
4 65.000000 23.000000
4 65.000000 22.000000
4 65.000000 21.000000
4 65.000000 20.000000
4 65.000000 19.000000
3 65.000000 18.000000
3 65.000000 17.000000
3 65.000000 16.000000
3 65.000000 15.000000
3 65.000000 14.000000
4 65.000000 13.000000
4 65.000000 12.000000
4 65.000000 11.000000
3 65.000000 10.500000
3 66.000000 24.500000
4 66.000000 24.000000
4 66.000000 23.000000
4 66.000000 22.000000
4 66.000000 21.000000
4 66.000000 20.000000
3 66.000000 19.000000
3 66.000000 17.000000
3 66.000000 16.000000
3 66.000000 13.000000
4 66.000000 12.000000
4 66.000000 11.000000
3 66.000000 10.500000
3 67.000000 24.500000
4 67.000000 24.000000
4 67.000000 23.000000
4 67.000000 22.000000
4 67.000000 21.000000
4 67.000000 20.000000
3 67.000000 19.000000
3 67.000000 17.000000
4 67.000000 16.000000
3 67.000000 15.000000
3 67.000000 14.000000
4 67.000000 13.000000
4 67.000000 12.000000
4 67.000000 11.000000
3 67.000000 10.500000
3 68.000000 24.500000
4 68.000000 24.000000
4 68.000000 23.000000
4 68.000000 22.000000
4 68.000000 21.000000
3 68.000000 20.000000
3 68.000000 19.000000
3 68.000000 18.000000
4 68.000000 17.000000
3 68.000000 16.000000
3 68.000000 15.000000
4 68.000000 14.000000
4 68.000000 13.000000
4 68.000000 12.000000
4 68.000000 11.000000
3 68.000000 10.500000
3 69.000000 24.500000
4 69.000000 24.000000
4 69.000000 23.000000
4 69.000000 22.000000
3 69.000000 21.000000
3 69.000000 18.000000
3 69.000000 17.000000
3 69.000000 14.000000
4 69.000000 13.000000
4 69.000000 12.000000
4 69.000000 11.000000
4 69.000000 10.500000
4 70.000000 24.500000
4 70.000000 24.000000
4 70.000000 23.000000
4 70.000000 22.000000
4 70.000000 21.000000
3 70.000000 20.000000
3 70.000000 19.000000
4 70.000000 18.000000
4 70.000000 17.000000
3 70.000000 16.000000
3 70.000000 15.000000
4 70.000000 14.000000
4 70.000000 13.000000
4 70.000000 12.000000
4 70.000000 11.000000
4 70.000000 10.500000
4 71.000000 24.500000
4 71.000000 24.000000
4 71.000000 23.000000
4 71.000000 22.000000
4 71.000000 21.000000
4 71.000000 20.000000
4 71.000000 19.000000
4 71.000000 18.000000
4 71.000000 17.000000
4 71.000000 16.000000
4 71.000000 15.000000
4 71.000000 14.000000
4 71.000000 13.000000
4 71.000000 12.000000
4 71.000000 11.000000
3 71.000000 10.500000
3 72.000000 24.500000
4 72.000000 24.000000
4 72.000000 23.000000
4 72.000000 22.000000
4 72.000000 21.000000
4 72.000000 20.000000
4 72.000000 19.000000
4 72.000000 18.000000
4 72.000000 17.000000
4 72.000000 16.000000
4 72.000000 15.000000
4 72.000000 14.000000
4 72.000000 13.000000
4 72.000000 12.000000
4 72.000000 11.000000
3 72.000000 10.500000
3 73.000000 24.500000
4 73.000000 24.000000
4 73.000000 23.000000
4 73.000000 22.000000
4 73.000000 21.000000
4 73.000000 20.000000
3 73.000000 19.000000
3 73.000000 18.000000
3 73.000000 17.000000
3 73.000000 16.000000
3 73.000000 15.000000
4 73.000000 14.000000
4 73.000000 13.000000
4 73.000000 12.000000
4 73.000000 11.000000
3 73.000000 10.500000
3 74.000000 24.500000
4 74.000000 24.000000
4 74.000000 23.000000
4 74.000000 22.000000
4 74.000000 21.000000
3 74.000000 20.000000
3 74.000000 14.000000
4 74.000000 13.000000
4 74.000000 12.000000
4 74.000000 11.000000
3 74.000000 10.500000
3 75.000000 24.500000
4 75.000000 24.000000
4 75.000000 23.000000
4 75.000000 22.000000
4 75.000000 21.000000
3 75.000000 20.000000
3 75.000000 14.000000
4 75.000000 13.000000
4 75.000000 12.000000
4 75.000000 11.000000
3 75.000000 10.500000
3 76.000000 24.500000
4 76.000000 24.000000
4 76.000000 23.000000
4 76.000000 22.000000
4 76.000000 21.000000
3 76.000000 20.000000
3 76.000000 14.000000
4 76.000000 13.000000
4 76.000000 12.000000
4 76.000000 11.000000
3 76.000000 10.500000
4 77.000000 24.500000
4 77.000000 24.000000
4 77.000000 23.000000
4 77.000000 22.000000
4 77.000000 21.000000
3 77.000000 20.000000
3 77.000000 14.000000
4 77.000000 13.000000
4 77.000000 12.000000
4 77.000000 11.000000
3 77.000000 10.500000
4 78.000000 24.500000
4 78.000000 24.000000
4 78.000000 23.000000
4 78.000000 22.000000
4 78.000000 21.000000
3 78.000000 20.000000
3 78.000000 14.000000
4 78.000000 13.000000
4 78.000000 12.000000
4 78.000000 11.000000
3 78.000000 10.500000
3 79.000000 24.500000
4 79.000000 24.000000
4 79.000000 23.000000
4 79.000000 22.000000
4 79.000000 21.000000
4 79.000000 20.000000
3 79.000000 19.000000
3 79.000000 18.000000
3 79.000000 17.000000
3 79.000000 16.000000
3 79.000000 15.000000
4 79.000000 14.000000
4 79.000000 13.000000
4 79.000000 12.000000
4 79.000000 11.000000
4 79.000000 10.500000
3 80.000000 24.500000
4 80.000000 24.000000
4 80.000000 23.000000
4 80.000000 22.000000
4 80.000000 21.000000
4 80.000000 20.000000
4 80.000000 19.000000
4 80.000000 18.000000
4 80.000000 17.000000
4 80.000000 16.000000
4 80.000000 15.000000
3 80.000000 14.000000
4 80.000000 13.000000
4 80.000000 12.000000
4 80.000000 11.000000
4 80.000000 10.500000
3 81.000000 24.500000
4 81.000000 24.000000
4 81.000000 23.000000
4 81.000000 22.000000
4 81.000000 21.000000
4 81.000000 20.000000
4 81.000000 19.000000
4 81.000000 18.000000
4 81.000000 17.000000
4 81.000000 16.000000
3 81.000000 15.000000
3 81.000000 13.000000
4 81.000000 12.000000
4 81.000000 11.000000
3 81.000000 10.500000
3 82.000000 24.500000
4 82.000000 24.000000
4 82.000000 23.000000
4 82.000000 22.000000
4 82.000000 21.000000
4 82.000000 20.000000
4 82.000000 19.000000
4 82.000000 18.000000
4 82.000000 17.000000
4 82.000000 16.000000
3 82.000000 15.000000
3 82.000000 13.000000
4 82.000000 12.000000
4 82.000000 11.000000
3 82.000000 10.500000
3 83.000000 24.500000
4 83.000000 24.000000
4 83.000000 23.000000
4 83.000000 22.000000
4 83.000000 21.000000
4 83.000000 20.000000
4 83.000000 19.000000
4 83.000000 18.000000
4 83.000000 17.000000
4 83.000000 16.000000
4 83.000000 15.000000
2 83.000000 14.000000
4 83.000000 13.000000
4 83.000000 12.000000
4 83.000000 11.000000
3 83.000000 10.500000
3 84.000000 24.500000
4 84.000000 24.000000
4 84.000000 23.000000
4 84.000000 22.000000
4 84.000000 21.000000
4 84.000000 20.000000
4 84.000000 19.000000
4 84.000000 18.000000
4 84.000000 17.000000
4 84.000000 16.000000
3 84.000000 15.000000
3 84.000000 13.000000
4 84.000000 12.000000
4 84.000000 11.000000
3 84.000000 10.500000
3 85.000000 24.500000
4 85.000000 24.000000
4 85.000000 23.000000
4 85.000000 22.000000
4 85.000000 21.000000
4 85.000000 20.000000
4 85.000000 19.000000
4 85.000000 18.000000
4 85.000000 17.000000
4 85.000000 16.000000
3 85.000000 15.000000
3 85.000000 13.000000
4 85.000000 12.000000
4 85.000000 11.000000
3 85.000000 10.500000
3 86.000000 24.500000
4 86.000000 24.000000
4 86.000000 23.000000
4 86.000000 22.000000
4 86.000000 21.000000
4 86.000000 20.000000
4 86.000000 19.000000
4 86.000000 18.000000
4 86.000000 17.000000
4 86.000000 16.000000
4 86.000000 15.000000
3 86.000000 14.000000
4 86.000000 13.000000
4 86.000000 12.000000
4 86.000000 11.000000
3 86.000000 10.500000
3 87.000000 24.500000
4 87.000000 24.000000
4 87.000000 23.000000
4 87.000000 22.000000
4 87.000000 21.000000
4 87.000000 20.000000
4 87.000000 19.000000
4 87.000000 18.000000
3 87.000000 17.000000
4 87.000000 16.000000
4 87.000000 15.000000
4 87.000000 14.000000
4 87.000000 13.000000
4 87.000000 12.000000
4 87.000000 11.000000
3 87.000000 10.500000
4 88.000000 24.500000
4 88.000000 24.000000
4 88.000000 23.000000
4 88.000000 22.000000
4 88.000000 21.000000
4 88.000000 20.000000
4 88.000000 19.000000
3 88.000000 18.000000
3 88.000000 16.000000
3 88.000000 15.000000
3 88.000000 14.000000
4 88.000000 13.000000
4 88.000000 12.000000
4 88.000000 11.000000
3 88.000000 10.500000
4 89.000000 24.500000
4 89.000000 24.000000
4 89.000000 23.000000
4 89.000000 22.000000
4 89.000000 21.000000
4 89.000000 20.000000
4 89.000000 19.000000
3 89.000000 18.000000
2 89.000000 16.000000
3 89.000000 13.000000
4 89.000000 12.000000
4 89.000000 11.000000
3 89.000000 10.500000
3 90.000000 24.500000
4 90.000000 24.000000
4 90.000000 23.000000
4 90.000000 22.000000
4 90.000000 21.000000
4 90.000000 20.000000
4 90.000000 19.000000
4 90.000000 18.000000
3 90.000000 17.000000
4 90.000000 16.000000
3 90.000000 15.000000
3 90.000000 14.000000
4 90.000000 13.000000
4 90.000000 12.000000
4 90.000000 11.000000
3 90.000000 10.500000
3 91.000000 24.500000
4 91.000000 24.000000
4 91.000000 23.000000
4 91.000000 22.000000
4 91.000000 21.000000
4 91.000000 20.000000
4 91.000000 19.000000
4 91.000000 18.000000
4 91.000000 17.000000
4 91.000000 16.000000
4 91.000000 15.000000
4 91.000000 14.000000
4 91.000000 13.000000
4 91.000000 12.000000
4 91.000000 11.000000
3 91.000000 10.500000
3 92.000000 24.500000
4 92.000000 24.000000
4 92.000000 23.000000
4 92.000000 22.000000
4 92.000000 21.000000
4 92.000000 20.000000
4 92.000000 19.000000
4 92.000000 18.000000
4 92.000000 17.000000
4 92.000000 16.000000
4 92.000000 15.000000
4 92.000000 14.000000
4 92.000000 13.000000
4 92.000000 12.000000
4 92.000000 11.000000
3 92.000000 10.500000
3 93.000000 24.500000
4 93.000000 24.000000
4 93.000000 23.000000
4 93.000000 22.000000
4 93.000000 21.000000
4 93.000000 20.000000
4 93.000000 19.000000
4 93.000000 18.000000
4 93.000000 17.000000
4 93.000000 16.000000
4 93.000000 15.000000
4 93.000000 14.000000
4 93.000000 13.000000
4 93.000000 12.000000
4 93.000000 11.000000
4 93.000000 10.500000
3 94.000000 24.500000
4 94.000000 24.000000
4 94.000000 23.000000
4 94.000000 22.000000
4 94.000000 21.000000
4 94.000000 20.000000
4 94.000000 19.000000
4 94.000000 18.000000
4 94.000000 17.000000
4 94.000000 16.000000
4 94.000000 15.000000
4 94.000000 14.000000
4 94.000000 13.000000
4 94.000000 12.000000
4 94.000000 11.000000
4 94.000000 10.500000
3 95.000000 24.500000
4 95.000000 24.000000
4 95.000000 23.000000
4 95.000000 22.000000
4 95.000000 21.000000
4 95.000000 20.000000
4 95.000000 19.000000
4 95.000000 18.000000
4 95.000000 17.000000
4 95.000000 16.000000
4 95.000000 15.000000
4 95.000000 14.000000
4 95.000000 13.000000
4 95.000000 12.000000
4 95.000000 11.000000
3 95.000000 10.500000
3 96.000000 24.500000
4 96.000000 24.000000
4 96.000000 23.000000
4 96.000000 22.000000
4 96.000000 21.000000
4 96.000000 20.000000
4 96.000000 19.000000
4 96.000000 18.000000
4 96.000000 17.000000
4 96.000000 16.000000
4 96.000000 15.000000
4 96.000000 14.000000
4 96.000000 13.000000
4 96.000000 12.000000
4 96.000000 11.000000
3 96.000000 10.500000
3 97.000000 24.500000
4 97.000000 24.000000
4 97.000000 23.000000
4 97.000000 22.000000
4 97.000000 21.000000
4 97.000000 20.000000
4 97.000000 19.000000
4 97.000000 18.000000
4 97.000000 17.000000
4 97.000000 16.000000
4 97.000000 15.000000
4 97.000000 14.000000
4 97.000000 13.000000
4 97.000000 12.000000
4 97.000000 11.000000
3 97.000000 10.500000
3 98.000000 24.500000
4 98.000000 24.000000
4 98.000000 23.000000
4 98.000000 22.000000
4 98.000000 21.000000
4 98.000000 20.000000
4 98.000000 19.000000
4 98.000000 18.000000
4 98.000000 17.000000
4 98.000000 16.000000
4 98.000000 15.000000
4 98.000000 14.000000
4 98.000000 13.000000
4 98.000000 12.000000
4 98.000000 11.000000
3 98.000000 10.500000
3 99.000000 24.500000
4 99.000000 24.000000
4 99.000000 23.000000
4 99.000000 22.000000
4 99.000000 21.000000
4 99.000000 20.000000
4 99.000000 19.000000
4 99.000000 18.000000
4 99.000000 17.000000
4 99.000000 16.000000
4 99.000000 15.000000
4 99.000000 14.000000
4 99.000000 13.000000
4 99.000000 12.000000
4 99.000000 11.000000
3 99.000000 10.500000
2 100.000000 24.500000
3 100.000000 24.000000
3 100.000000 23.000000
3 100.000000 22.000000
3 100.000000 21.000000
3 100.000000 20.000000
3 100.000000 19.000000
3 100.000000 18.000000
3 100.000000 17.000000
3 100.000000 16.000000
3 100.000000 15.000000
3 100.000000 14.000000
3 100.000000 13.000000
3 100.000000 12.000000
3 100.000000 11.000000
2 100.000000 10.500000
3 18.343335 24.632369
3 36.356827 24.574666
3 43.352080 24.558626
3 70.363646 24.619423
3 88.316566 24.561913
3 93.385894 10.413866
3 79.348038 10.378122
3 69.326188 10.443016
3 55.326507 10.370313
3 42.350153 10.385592
3 35.297399 10.428901
3 19.379197 10.422645
3 13.314937 10.427397
3 7.445781 10.395647
2930
7 0
6 4
0 10
4 10
8 1
1 10
5 10
9 5
10 2
2 3
23 16
16 15
13 15
22 21
20 19
19 18
21 14
15 14
12 11
14 11
17 11
18 14
24 28
25 28
26 28
27 28
28 29
30 34
31 34
32 34
33 34
34 35
38 45
37 45
42 44
44 45
41 43
43 44
39 43
40 45
47 46
46 45
45 36
48 50
49 51
50 54
51 54
54 55
52 55
53 55
55 56
57 59
59 61
58 60
60 62
62 65
61 65
63 65
64 65
65 66
67 69
68 70
70 74
73 75
69 71
74 75
71 76
75 76
76 77
72 76
78 84
79 85
80 87
85 86
84 81
86 81
87 81
83 81
81 82
89 93
90 94
93 94
91 95
95 96
94 96
92 96
96 88
98 102
99 103
102 104
103 104
100 104
101 104
104 97
108 110
109 111
110 114
111 114
107 113
113 112
114 112
106 112
112 105
119 122
120 121
116 123
122 124
121 124
123 118
124 118
117 118
118 115
129 131
130 131
131 126
127 126
128 126
126 125
136 138
139 138
137 138
134 133
138 133
135 133
133 132
148 141
142 141
141 140
143 141
141 147
141 145
141 144
141 146
154 150
155 150
153 150
152 150
151 150
156 150
157 150
158 150
159 150
160 150
150 149
166 162
165 162
164 162
163 162
167 162
162 168
169 162
162 170
171 162
162 172
162 161
175 191
175 176
176 192
176 177
177 193
177 178
178 194
178 179
179 195
179 180
180 196
180 181
181 197
181 182
182 198
182 183
183 199
183 184
184 200
184 185
185 201
185 186
186 202
186 187
187 203
187 188
188 204
188 189
189 205
189 190
190 206
191 207
191 192
192 208
192 193
193 209
193 194
194 210
194 195
195 211
195 196
196 212
196 197
197 213
197 198
198 214
198 199
199 215
199 200
200 216
200 201
201 217
201 202
202 218
202 203
203 219
203 204
204 220
204 205
205 221
205 206
206 222
207 223
207 208
208 224
208 209
209 225
209 210
210 226
210 211
211 227
211 212
212 228
212 213
213 229
213 214
214 230
214 215
215 231
215 216
216 232
216 217
217 233
217 218
218 234
218 219
219 235
219 220
220 236
220 221
221 237
221 222
222 238
223 239
223 224
224 240
224 225
225 241
225 226
226 242
226 227
227 243
227 228
228 244
228 229
229 245
229 230
230 246
230 231
231 247
231 232
232 248
232 233
233 249
233 234
234 250
234 235
235 251
235 236
236 252
236 237
237 253
237 238
238 254
239 255
239 240
240 256
240 241
241 257
241 242
242 258
242 243
243 259
243 244
244 260
244 245
245 261
245 246
246 262
246 247
247 263
247 248
248 264
248 249
249 265
249 250
250 266
250 251
251 267
251 252
252 268
252 253
253 269
253 254
254 270
255 271
255 256
256 272
256 257
257 273
257 258
258 274
258 259
259 275
259 260
260 276
260 261
261 277
261 262
262 278
262 263
263 279
263 264
264 280
264 265
265 281
265 266
266 282
266 267
267 283
267 268
268 284
268 269
269 285
269 270
270 286
271 287
271 272
272 288
272 273
273 289
273 274
274 290
274 275
275 291
275 276
276 292
276 277
277 293
277 278
278 294
278 279
279 295
279 280
280 296
280 281
281 297
281 282
282 298
282 283
283 299
283 284
284 300
284 285
285 301
285 286
286 302
287 303
287 288
288 304
288 289
289 305
289 290
290 306
290 291
291 307
291 292
292 308
292 293
293 309
293 294
294 310
294 295
295 311
295 296
296 312
296 297
297 313
297 298
298 314
298 299
299 315
299 300
300 316
300 301
301 317
301 302
302 318
303 319
303 304
304 320
304 305
305 321
305 306
306 322
306 307
307 323
307 308
308 324
308 309
309 325
309 310
310 326
310 311
311 327
311 312
312 328
312 313
313 329
313 314
314 330
314 315
315 331
315 316
316 332
316 317
317 333
317 318
318 334
319 335
319 320
320 336
320 321
321 337
321 322
322 338
322 323
323 339
323 324
324 340
324 325
325 341
325 326
326 342
326 327
327 343
327 328
328 344
328 329
329 345
329 330
330 331
331 346
331 332
332 347
332 333
333 348
333 334
334 349
335 350
335 336
336 351
336 337
337 352
337 338
338 353
338 339
339 354
339 340
340 355
340 341
341 356
341 342
342 357
342 343
343 358
343 344
344 359
344 345
345 360
346 361
346 347
347 362
347 348
348 363
348 349
349 364
350 365
350 351
351 366
351 352
352 367
352 353
353 368
353 354
354 369
354 355
355 370
355 356
356 371
356 357
357 372
357 358
358 373
358 359
359 374
359 360
360 375
361 377
361 362
362 378
362 363
363 379
363 364
364 380
365 381
365 366
366 382
366 367
367 383
367 368
368 384
368 369
369 385
369 370
370 386
370 371
371 387
371 372
372 388
372 373
373 374
374 389
374 375
375 390
375 376
376 377
377 391
377 378
378 392
378 379
379 393
379 380
380 394
381 395
381 382
382 396
382 383
383 397
383 384
384 398
384 385
385 399
385 386
386 400
386 387
387 401
387 388
388 402
389 403
389 390
390 404
391 405
391 392
392 406
392 393
393 407
393 394
394 408
395 409
395 396
396 410
396 397
397 411
397 398
398 412
398 399
399 413
399 400
400 414
400 401
401 415
401 402
402 416
403 418
403 404
404 419
405 421
405 406
406 422
406 407
407 423
407 408
408 424
409 425
409 410
410 426
410 411
411 427
411 412
412 428
412 413
413 429
413 414
414 415
415 416
416 417
417 418
418 419
419 430
419 420
420 421
421 431
421 422
422 432
422 423
423 433
423 424
424 434
425 435
425 426
426 436
426 427
427 437
427 428
428 438
428 429
429 439
430 440
431 441
431 432
432 442
432 433
433 443
433 434
434 444
435 445
435 436
436 446
436 437
437 447
437 438
438 448
438 439
439 449
440 450
441 452
441 442
442 453
442 443
443 454
443 444
444 455
445 456
445 446
446 457
446 447
447 458
447 448
448 459
448 449
449 460
450 461
450 451
451 462
451 452
452 463
452 453
453 464
453 454
454 465
454 455
455 466
456 467
456 457
457 468
457 458
458 469
458 459
459 470
459 460
460 471
461 472
461 462
462 473
462 463
463 474
463 464
464 475
464 465
465 476
465 466
466 477
467 478
467 468
468 479
468 469
469 480
469 470
470 481
470 471
471 482
472 488
472 473
473 489
473 474
474 490
474 475
475 491
475 476
476 492
476 477
477 493
478 494
478 479
479 495
479 480
480 496
480 481
481 497
481 482
482 498
482 483
483 499
483 484
484 485
485 486
486 500
486 487
487 501
487 488
488 502
488 489
489 503
489 490
490 504
490 491
491 505
491 492
492 506
492 493
493 507
494 508
494 495
495 509
495 496
496 510
496 497
497 511
497 498
498 512
498 499
499 513
500 516
500 501
501 517
501 502
502 518
502 503
503 519
503 504
504 520
504 505
505 521
505 506
506 522
506 507
507 523
508 524
508 509
509 525
509 510
510 526
510 511
511 527
511 512
512 528
512 513
513 514
514 515
515 529
515 516
516 530
516 517
517 531
517 518
518 532
518 519
519 533
519 520
520 534
520 521
521 535
521 522
522 536
522 523
523 537
524 538
524 525
525 539
525 526
526 540
526 527
527 541
527 528
528 542
529 545
529 530
530 546
530 531
531 532
532 547
532 533
533 548
533 534
534 549
534 535
535 550
535 536
536 551
536 537
537 552
538 553
538 539
539 554
539 540
540 555
540 541
541 556
541 542
542 557
542 543
543 558
543 544
544 559
544 545
545 560
545 546
546 561
547 562
547 548
548 563
548 549
549 564
549 550
550 565
550 551
551 566
551 552
552 567
553 568
553 554
554 569
554 555
555 570
555 556
556 571
556 557
557 572
557 558
558 573
558 559
559 574
559 560
560 575
560 561
561 576
562 578
562 563
563 579
563 564
564 580
564 565
565 581
565 566
566 582
566 567
567 583
568 584
568 569
569 585
569 570
570 586
570 571
571 587
571 572
572 588
572 573
573 589
573 574
574 575
575 576
576 590
576 577
577 591
577 578
578 592
578 579
579 593
579 580
580 594
580 581
581 595
581 582
582 596
582 583
583 597
584 598
584 585
585 599
585 586
586 600
586 587
587 601
587 588
588 602
588 589
589 603
590 606
590 591
591 607
591 592
592 608
592 593
593 594
594 609
594 595
595 610
595 596
596 611
596 597
597 612
598 613
598 599
599 614
599 600
600 615
600 601
601 616
601 602
602 617
602 603
603 618
603 604
604 619
604 605
605 620
605 606
606 621
606 607
607 622
607 608
608 623
609 624
609 610
610 625
610 611
611 626
611 612
612 627
613 628
613 614
614 629
614 615
615 630
615 616
616 631
616 617
617 632
617 618
618 633
618 619
619 634
619 620
620 635
620 621
621 636
621 622
622 637
622 623
623 638
624 640
624 625
625 641
625 626
626 642
626 627
627 643
628 644
628 629
629 645
629 630
630 646
630 631
631 647
631 632
632 648
632 633
633 649
633 634
634 650
634 635
635 651
635 636
636 637
637 652
637 638
638 653
638 639
639 654
639 640
640 655
640 641
641 656
641 642
642 657
642 643
643 658
644 659
644 645
645 660
645 646
646 661
646 647
647 662
647 648
648 663
648 649
649 664
649 650
650 665
650 651
651 666
652 667
652 653
653 668
653 654
654 669
654 655
655 670
655 656
656 671
656 657
657 672
657 658
658 673
659 674
659 660
660 675
660 661
661 676
661 662
662 677
662 663
663 678
663 664
664 679
664 665
665 680
665 666
666 681
667 683
667 668
668 669
669 684
669 670
670 685
670 671
671 686
671 672
672 687
672 673
673 688
674 689
674 675
675 690
675 676
676 691
676 677
677 692
677 678
678 693
678 679
679 694
679 680
680 681
681 682
682 695
682 683
683 696
684 697
684 685
685 698
685 686
686 699
686 687
687 700
687 688
688 701
689 702
689 690
690 703
690 691
691 704
691 692
692 705
692 693
693 706
693 694
694 707
695 710
695 696
696 711
697 713
697 698
698 714
698 699
699 715
699 700
700 716
700 701
701 717
702 718
702 703
703 719
703 704
704 720
704 705
705 721
705 706
706 722
706 707
707 723
707 708
708 724
708 709
709 725
709 710
710 726
710 711
711 727
711 712
712 728
712 713
713 729
713 714
714 730
714 715
715 731
715 716
716 732
716 717
717 733
718 734
718 719
719 735
719 720
720 736
720 721
721 737
721 722
722 738
722 723
723 739
723 724
724 740
724 725
725 741
725 726
726 727
727 742
727 728
728 743
728 729
729 744
729 730
730 745
730 731
731 746
731 732
732 747
732 733
733 748
734 749
734 735
735 750
735 736
736 751
736 737
737 752
737 738
738 753
738 739
739 754
739 740
740 755
740 741
741 756
742 757
742 743
743 758
743 744
744 759
744 745
745 760
745 746
746 761
746 747
747 762
747 748
748 763
749 764
749 750
750 765
750 751
751 766
751 752
752 767
752 753
753 768
753 754
754 769
754 755
755 770
755 756
756 771
757 773
757 758
758 774
758 759
759 775
759 760
760 776
760 761
761 777
761 762
762 778
762 763
763 779
764 780
764 765
765 781
765 766
766 782
766 767
767 783
767 768
768 784
768 769
769 785
769 770
770 786
770 771
771 787
771 772
772 788
772 773
773 789
773 774
774 790
774 775
775 791
775 776
776 792
776 777
777 793
777 778
778 794
778 779
779 795
780 796
780 781
781 797
781 782
782 798
782 783
783 799
783 784
784 800
784 785
785 801
785 786
786 802
786 787
787 803
787 788
788 789
789 804
789 790
790 791
791 805
791 792
792 806
792 793
793 807
793 794
794 808
794 795
795 809
796 810
796 797
797 811
797 798
798 812
798 799
799 813
799 800
800 814
800 801
801 815
801 802
802 816
802 803
803 817
804 818
805 819
805 806
806 820
806 807
807 821
807 808
808 822
808 809
809 823
810 824
810 811
811 825
811 812
812 826
812 813
813 827
813 814
814 828
814 815
815 829
815 816
816 830
816 817
817 831
818 833
819 835
819 820
820 836
820 821
821 837
821 822
822 838
822 823
823 839
824 840
824 825
825 841
825 826
826 842
826 827
827 843
827 828
828 844
828 829
829 845
829 830
830 846
830 831
831 832
832 847
832 833
833 848
833 834
834 849
834 835
835 836
836 850
836 837
837 851
837 838
838 852
838 839
839 853
840 854
840 841
841 855
841 842
842 856
842 843
843 857
843 844
844 858
844 845
845 859
845 846
846 860
847 861
847 848
848 862
848 849
849 863
850 864
850 851
851 865
851 852
852 866
852 853
853 867
854 868
854 855
855 869
855 856
856 870
856 857
857 871
857 858
858 872
858 859
859 873
859 860
860 874
861 876
861 862
862 877
862 863
863 878
864 880
864 865
865 881
865 866
866 882
866 867
867 883
868 884
868 869
869 885
869 870
870 886
870 871
871 887
871 872
872 888
872 873
873 889
873 874
874 875
875 876
876 890
876 877
877 878
878 891
878 879
879 892
879 880
880 893
880 881
881 894
881 882
882 895
882 883
883 896
884 897
884 885
885 898
885 886
886 899
886 887
887 900
887 888
888 901
888 889
889 902
890 905
891 906
891 892
892 907
892 893
893 908
893 894
894 909
894 895
895 910
895 896
896 911
897 912
897 898
898 913
898 899
899 914
899 900
900 915
900 901
901 916
901 902
902 917
902 903
903 918
903 904
904 919
904 905
905 920
906 922
906 907
907 923
907 908
908 924
908 909
909 925
909 910
910 926
910 911
911 927
912 928
912 913
913 929
913 914
914 930
914 915
915 931
915 916
916 932
916 917
917 933
917 918
918 934
918 919
919 935
919 920
920 936
920 921
921 937
921 922
922 938
922 923
923 939
923 924
924 940
924 925
925 941
925 926
926 942
926 927
927 943
928 944
928 929
929 945
929 930
930 946
930 931
931 947
931 932
932 948
932 933
933 934
934 935
935 936
936 937
937 938
938 949
938 939
939 950
939 940
940 951
940 941
941 952
941 942
942 953
942 943
943 954
944 955
944 945
945 956
945 946
946 957
946 947
947 958
947 948
948 959
949 960
949 950
950 961
950 951
951 962
951 952
952 963
952 953
953 964
953 954
954 965
955 966
955 956
956 967
956 957
957 968
957 958
958 969
958 959
959 970
960 971
960 961
961 972
961 962
962 973
962 963
963 974
963 964
964 975
964 965
965 976
966 977
966 967
967 978
967 968
968 979
968 969
969 980
969 970
970 981
971 982
971 972
972 983
972 973
973 984
973 974
974 985
974 975
975 986
975 976
976 987
977 988
977 978
978 989
978 979
979 990
979 980
980 991
980 981
981 992
982 993
982 983
983 994
983 984
984 995
984 985
985 996
985 986
986 997
986 987
987 998
988 999
988 989
989 1000
989 990
990 1001
990 991
991 1002
991 992
992 1003
993 1009
993 994
994 1010
994 995
995 1011
995 996
996 1012
996 997
997 1013
997 998
998 1014
999 1015
999 1000
1000 1016
1000 1001
1001 1017
1001 1002
1002 1018
1002 1003
1003 1019
1003 1004
1004 1020
1004 1005
1005 1021
1005 1006
1006 1022
1006 1007
1007 1023
1007 1008
1008 1024
1008 1009
1009 1025
1009 1010
1010 1026
1010 1011
1011 1027
1011 1012
1012 1028
1012 1013
1013 1029
1013 1014
1014 1030
1015 1031
1015 1016
1016 1032
1016 1017
1017 1033
1017 1018
1018 1034
1018 1019
1019 1035
1019 1020
1020 1036
1020 1021
1021 1037
1021 1022
1022 1038
1022 1023
1023 1039
1023 1024
1024 1040
1024 1025
1025 1041
1025 1026
1026 1042
1026 1027
1027 1043
1027 1028
1028 1044
1028 1029
1029 1045
1029 1030
1030 1046
1031 1047
1031 1032
1032 1048
1032 1033
1033 1049
1033 1034
1034 1050
1034 1035
1035 1051
1035 1036
1036 1052
1036 1037
1037 1038
1038 1039
1039 1053
1039 1040
1040 1054
1040 1041
1041 1055
1041 1042
1042 1056
1042 1043
1043 1057
1043 1044
1044 1058
1044 1045
1045 1059
1045 1046
1046 1060
1047 1061
1047 1048
1048 1062
1048 1049
1049 1063
1049 1050
1050 1064
1050 1051
1051 1065
1051 1052
1052 1066
1053 1069
1053 1054
1054 1055
1055 1070
1055 1056
1056 1071
1056 1057
1057 1072
1057 1058
1058 1073
1058 1059
1059 1074
1059 1060
1060 1075
1061 1076
1061 1062
1062 1077
1062 1063
1063 1078
1063 1064
1064 1079
1064 1065
1065 1080
1065 1066
1066 1081
1066 1067
1067 1082
1067 1068
1068 1083
1068 1069
1069 1084
1070 1085
1070 1071
1071 1086
1071 1072
1072 1087
1072 1073
1073 1088
1073 1074
1074 1089
1074 1075
1075 1090
1076 1091
1076 1077
1077 1092
1077 1078
1078 1093
1078 1079
1079 1094
1079 1080
1080 1095
1080 1081
1081 1096
1081 1082
1082 1097
1082 1083
1083 1098
1083 1084
1084 1099
1085 1101
1085 1086
1086 1102
1086 1087
1087 1103
1087 1088
1088 1104
1088 1089
1089 1105
1089 1090
1090 1106
1091 1107
1091 1092
1092 1108
1092 1093
1093 1109
1093 1094
1094 1110
1094 1095
1095 1111
1095 1096
1096 1112
1096 1097
1097 1113
1097 1098
1098 1114
1098 1099
1099 1100
1100 1101
1101 1115
1101 1102
1102 1116
1102 1103
1103 1117
1103 1104
1104 1118
1104 1105
1105 1119
1105 1106
1106 1120
1107 1121
1107 1108
1108 1122
1108 1109
1109 1123
1109 1110
1110 1124
1110 1111
1111 1125
1111 1112
1112 1126
1112 1113
1113 1127
1113 1114
1114 1128
1115 1131
1115 1116
1116 1132
1116 1117
1117 1133
1117 1118
1118 1134
1118 1119
1119 1135
1119 1120
1120 1136
1121 1137
1121 1122
1122 1138
1122 1123
1123 1139
1123 1124
1124 1140
1124 1125
1125 1141
1125 1126
1126 1142
1126 1127
1127 1143
1127 1128
1128 1129
1129 1144
1129 1130
1130 1145
1130 1131
1131 1132
1132 1133
1133 1146
1133 1134
1134 1147
1134 1135
1135 1148
1135 1136
1136 1149
1137 1150
1137 1138
1138 1151
1138 1139
1139 1152
1139 1140
1140 1153
1140 1141
1141 1154
1141 1142
1142 1155
1142 1143
1143 1156
1144 1157
1144 1145
1145 1158
1146 1161
1146 1147
1147 1162
1147 1148
1148 1163
1148 1149
1149 1164
1150 1165
1150 1151
1151 1166
1151 1152
1152 1167
1152 1153
1153 1168
1153 1154
1154 1169
1154 1155
1155 1170
1155 1156
1156 1171
1157 1173
1157 1158
1158 1174
1158 1159
1159 1175
1159 1160
1160 1176
1160 1161
1161 1177
1161 1162
1162 1178
1162 1163
1163 1179
1163 1164
1164 1180
1165 1181
1165 1166
1166 1182
1166 1167
1167 1183
1167 1168
1168 1184
1168 1169
1169 1185
1169 1170
1170 1171
1171 1172
1172 1186
1172 1173
1173 1187
1173 1174
1174 1175
1175 1176
1176 1188
1176 1177
1177 1189
1177 1178
1178 1190
1178 1179
1179 1191
1179 1180
1180 1192
1181 1193
1181 1182
1182 1194
1182 1183
1183 1195
1183 1184
1184 1196
1184 1185
1185 1197
1186 1200
1186 1187
1187 1201
1188 1204
1188 1189
1189 1205
1189 1190
1190 1206
1190 1191
1191 1207
1191 1192
1192 1208
1193 1209
1193 1194
1194 1210
1194 1195
1195 1211
1195 1196
1196 1212
1196 1197
1197 1213
1197 1198
1198 1214
1198 1199
1199 1215
1199 1200
1200 1216
1200 1201
1201 1217
1201 1202
1202 1218
1202 1203
1203 1219
1203 1204
1204 1220
1204 1205
1205 1221
1205 1206
1206 1222
1206 1207
1207 1223
1207 1208
1208 1224
1209 1225
1209 1210
1210 1226
1210 1211
1211 1227
1211 1212
1212 1228
1212 1213
1213 1229
1213 1214
1214 1230
1214 1215
1215 1231
1215 1216
1216 1232
1216 1217
1217 1233
1217 1218
1218 1234
1218 1219
1219 1235
1219 1220
1220 1236
1220 1221
1221 1237
1221 1222
1222 1238
1222 1223
1223 1239
1223 1224
1224 1240
1225 1241
1225 1226
1226 1242
1226 1227
1227 1243
1227 1228
1228 1244
1228 1229
1229 1245
1229 1230
1230 1246
1230 1231
1231 1247
1231 1232
1232 1248
1232 1233
1233 1249
1233 1234
1234 1250
1234 1235
1235 1251
1235 1236
1236 1252
1236 1237
1237 1253
1237 1238
1238 1254
1238 1239
1239 1255
1239 1240
1240 1256
1241 1257
1241 1242
1242 1258
1242 1243
1243 1259
1243 1244
1244 1260
1244 1245
1245 1261
1245 1246
1246 1262
1246 1247
1247 1248
1248 1249
1249 1250
1250 1251
1251 1252
1252 1263
1252 1253
1253 1264
1253 1254
1254 1265
1254 1255
1255 1266
1255 1256
1256 1267
1257 1268
1257 1258
1258 1269
1258 1259
1259 1270
1259 1260
1260 1271
1260 1261
1261 1272
1261 1262
1262 1273
1263 1274
1263 1264
1264 1275
1264 1265
1265 1276
1265 1266
1266 1277
1266 1267
1267 1278
1268 1279
1268 1269
1269 1280
1269 1270
1270 1281
1270 1271
1271 1282
1271 1272
1272 1283
1272 1273
1273 1284
1274 1285
1274 1275
1275 1286
1275 1276
1276 1287
1276 1277
1277 1288
1277 1278
1278 1289
1279 1290
1279 1280
1280 1291
1280 1281
1281 1292
1281 1282
1282 1293
1282 1283
1283 1294
1283 1284
1284 1295
1285 1296
1285 1286
1286 1297
1286 1287
1287 1298
1287 1288
1288 1299
1288 1289
1289 1300
1290 1301
1290 1291
1291 1302
1291 1292
1292 1303
1292 1293
1293 1304
1293 1294
1294 1305
1294 1295
1295 1306
1296 1307
1296 1297
1297 1308
1297 1298
1298 1309
1298 1299
1299 1310
1299 1300
1300 1311
1301 1312
1301 1302
1302 1313
1302 1303
1303 1314
1303 1304
1304 1315
1304 1305
1305 1316
1305 1306
1306 1317
1307 1323
1307 1308
1308 1324
1308 1309
1309 1325
1309 1310
1310 1326
1310 1311
1311 1327
1312 1328
1312 1313
1313 1329
1313 1314
1314 1330
1314 1315
1315 1331
1315 1316
1316 1332
1316 1317
1317 1333
1317 1318
1318 1334
1318 1319
1319 1335
1319 1320
1320 1336
1320 1321
1321 1337
1321 1322
1322 1338
1322 1323
1323 1339
1323 1324
1324 1340
1324 1325
1325 1341
1325 1326
1326 1342
1326 1327
1327 1343
1328 1344
1328 1329
1329 1345
1329 1330
1330 1346
1330 1331
1331 1347
1331 1332
1332 1348
1332 1333
1333 1349
1333 1334
1334 1350
1334 1335
1335 1351
1335 1336
1336 1352
1336 1337
1337 1353
1337 1338
1338 1354
1338 1339
1339 1340
1340 1355
1340 1341
1341 1356
1341 1342
1342 1357
1342 1343
1343 1358
1344 1359
1344 1345
1345 1360
1345 1346
1346 1361
1346 1347
1347 1362
1347 1348
1348 1363
1348 1349
1349 1364
1349 1350
1350 1365
1350 1351
1351 1366
1351 1352
1352 1367
1352 1353
1353 1368
1353 1354
1354 1369
1355 1370
1355 1356
1356 1371
1356 1357
1357 1372
1357 1358
1358 1373
1359 1374
1359 1360
1360 1375
1360 1361
1361 1376
1361 1362
1362 1377
1362 1363
1363 1378
1363 1364
1364 1379
1364 1365
1365 1380
1365 1366
1366 1381
1366 1367
1367 1382
1367 1368
1368 1383
1368 1369
1369 1384
1370 1386
1370 1371
1371 1387
1371 1372
1372 1388
1372 1373
1373 1389
1374 1390
1374 1375
1375 1391
1375 1376
1376 1392
1376 1377
1377 1393
1377 1378
1378 1394
1378 1379
1379 1395
1379 1380
1380 1396
1380 1381
1381 1397
1381 1382
1382 1398
1382 1383
1383 1399
1383 1384
1384 1400
1384 1385
1385 1386
1386 1401
1386 1387
1387 1402
1387 1388
1388 1403
1388 1389
1389 1404
1390 1405
1390 1391
1391 1406
1391 1392
1392 1407
1392 1393
1393 1408
1393 1394
1394 1409
1394 1395
1395 1410
1395 1396
1396 1411
1396 1397
1397 1412
1397 1398
1398 1413
1398 1399
1399 1414
1399 1400
1400 1415
1401 1416
1401 1402
1402 1417
1402 1403
1403 1418
1403 1404
1404 1419
1405 1420
1405 1406
1406 1421
1406 1407
1407 1422
1407 1408
1408 1423
1408 1409
1409 1424
1409 1410
1410 1425
1410 1411
1411 1426
1411 1412
1412 1427
1412 1413
1413 1428
1413 1414
1414 1429
1414 1415
1415 1430
1416 1432
1416 1417
1417 1433
1417 1418
1418 1434
1418 1419
1419 1435
1420 1436
1420 1421
1421 1437
1421 1422
1422 1438
1422 1423
1423 1439
1423 1424
1424 1440
1424 1425
1425 1441
1425 1426
1426 1442
1426 1427
1427 1443
1427 1428
1428 1444
1428 1429
1429 1445
1429 1430
1430 1446
1430 1431
1431 1447
1431 1432
1432 1448
1432 1433
1433 1449
1433 1434
1434 1450
1434 1435
1435 1451
1436 1452
1436 1437
1437 1453
1437 1438
1438 1454
1438 1439
1439 1455
1439 1440
1440 1456
1440 1441
1441 1457
1441 1442
1442 1458
1442 1443
1443 1459
1443 1444
1444 1445
1445 1460
1445 1446
1446 1461
1446 1447
1447 1462
1447 1448
1448 1463
1448 1449
1449 1464
1449 1450
1450 1465
1450 1451
1451 1466
1452 1467
1452 1453
1453 1468
1453 1454
1454 1469
1454 1455
1455 1470
1455 1456
1456 1471
1456 1457
1457 1472
1457 1458
1458 1473
1458 1459
1459 1474
1460 1475
1460 1461
1461 1462
1462 1463
1463 1476
1463 1464
1464 1477
1464 1465
1465 1478
1465 1466
1466 1479
1467 1480
1467 1468
1468 1481
1468 1469
1469 1482
1469 1470
1470 1483
1470 1471
1471 1484
1471 1472
1472 1485
1472 1473
1473 1486
1473 1474
1474 1487
1475 1489
1476 1492
1476 1477
1477 1493
1477 1478
1478 1494
1478 1479
1479 1495
1480 1496
1480 1481
1481 1497
1481 1482
1482 1498
1482 1483
1483 1499
1483 1484
1484 1500
1484 1485
1485 1501
1485 1486
1486 1502
1486 1487
1487 1503
1487 1488
1488 1504
1488 1489
1489 1505
1489 1490
1490 1506
1490 1491
1491 1507
1491 1492
1492 1508
1492 1493
1493 1509
1493 1494
1494 1510
1494 1495
1495 1511
1496 1512
1496 1497
1497 1513
1497 1498
1498 1514
1498 1499
1499 1515
1499 1500
1500 1516
1500 1501
1501 1517
1501 1502
1502 1518
1502 1503
1503 1519
1503 1504
1504 1520
1504 1505
1505 1521
1505 1506
1506 1522
1506 1507
1507 1523
1507 1508
1508 1524
1508 1509
1509 1525
1509 1510
1510 1526
1510 1511
1511 1527
1512 1528
1512 1513
1513 1529
1513 1514
1514 1530
1514 1515
1515 1531
1515 1516
1516 1532
1516 1517
1517 1533
1517 1518
1518 1534
1518 1519
1519 1535
1519 1520
1520 1536
1520 1521
1521 1537
1521 1522
1522 1538
1522 1523
1523 1539
1523 1524
1524 1540
1524 1525
1525 1541
1525 1526
1526 1542
1526 1527
1527 1543
1528 1544
1528 1529
1529 1545
1529 1530
1530 1546
1530 1531
1531 1547
1531 1532
1532 1548
1532 1533
1533 1549
1533 1534
1534 1550
1534 1535
1535 1551
1535 1536
1536 1552
1536 1537
1537 1553
1537 1538
1538 1554
1538 1539
1539 1555
1539 1540
1540 1556
1540 1541
1541 1557
1541 1542
1542 1558
1542 1543
1543 1559
1544 1560
1544 1545
1545 1561
1545 1546
1546 1562
1546 1547
1547 1563
1547 1548
1548 1564
1548 1549
1549 1565
1549 1550
1550 1566
1550 1551
1551 1567
1551 1552
1552 1568
1552 1553
1553 1569
1553 1554
1554 1570
1554 1555
1555 1571
1555 1556
1556 1572
1556 1557
1557 1573
1557 1558
1558 1574
1558 1559
1559 1575
1560 1576
1560 1561
1561 1577
1561 1562
1562 1578
1562 1563
1563 1579
1563 1564
1564 1580
1564 1565
1565 1581
1565 1566
1566 1582
1566 1567
1567 1583
1567 1568
1568 1584
1568 1569
1569 1585
1569 1570
1570 1586
1570 1571
1571 1587
1571 1572
1572 1588
1572 1573
1573 1589
1573 1574
1574 1590
1574 1575
1575 1591
1576 1592
1576 1577
1577 1593
1577 1578
1578 1594
1578 1579
1579 1595
1579 1580
1580 1596
1580 1581
1581 1597
1581 1582
1582 1598
1582 1583
1583 1599
1583 1584
1584 1600
1584 1585
1585 1601
1585 1586
1586 1602
1586 1587
1587 1603
1587 1588
1588 1604
1588 1589
1589 1605
1589 1590
1590 1606
1590 1591
1591 1607
1592 1608
1592 1593
1593 1609
1593 1594
1594 1610
1594 1595
1595 1611
1595 1596
1596 1612
1596 1597
1597 1613
1597 1598
1598 1614
1598 1599
1599 1615
1599 1600
1600 1616
1600 1601
1601 1617
1601 1602
1602 1618
1602 1603
1603 1619
1603 1604
1604 1620
1604 1605
1605 1621
1605 1606
1606 1622
1606 1607
1607 1623
1608 1624
1608 1609
1609 1625
1609 1610
1610 1626
1610 1611
1611 1627
1611 1612
1612 1628
1612 1613
1613 1629
1613 1614
1614 1630
1614 1615
1615 1631
1615 1616
1616 1632
1616 1617
1617 1633
1617 1618
1618 1634
1618 1619
1619 1635
1619 1620
1620 1636
1620 1621
1621 1637
1621 1622
1622 1638
1622 1623
1623 1639
1624 1640
1624 1625
1625 1641
1625 1626
1626 1642
1626 1627
1627 1643
1627 1628
1628 1644
1628 1629
1629 1645
1629 1630
1630 1646
1630 1631
1631 1647
1631 1632
1632 1648
1632 1633
1633 1649
1633 1634
1634 1650
1634 1635
1635 1651
1635 1636
1636 1652
1636 1637
1637 1653
1637 1638
1638 1654
1638 1639
1639 1655
1640 1641
1641 1642
1642 1643
1643 1644
1644 1645
1645 1646
1646 1647
1647 1648
1648 1649
1649 1650
1650 1651
1651 1652
1652 1653
1653 1654
1654 1655
3 287
3 303
1656 11
1656 445
1656 456
29 584
29 598
1657 35
1657 702
1657 718
1658 36
1658 810
1658 824
56 1061
56 1076
1659 66
1659 1193
1659 1209
77 1290
77 1301
1660 82
1660 1452
1660 1467
1661 161
1661 1543
1661 1559
1662 1327
1662 1343
1662 149
140 1663
1663 1192
1663 1208
1664 987
1664 998
1664 132
1665 809
1665 823
1665 125
1666 701
1666 717
1666 115
1667 466
1667 477
1667 105
1668 394
1668 408
1668 97
1669 302
1669 318
1669 88
