105
2 -9.516496 9.599822
3 -9.460227 7.574131
3 -9.572766 5.548440
3 -9.516496 3.579017
3 -9.403958 1.609595
3 -9.572766 -0.528635
3 -9.460227 -2.666865
3 -9.460227 -4.523748
3 -9.403958 -6.605709
3 -9.460227 -8.406324
2 -9.516496 -9.756785
3 -7.497058 -9.769290
4 -7.547074 -8.293785
4 -7.603343 -6.549440
4 -7.603343 -4.242402
4 -7.715882 -2.498057
4 -7.715882 -0.641173
4 -7.884690 1.665864
4 -7.884690 3.522748
4 -7.677629 5.524321
4 -7.772981 7.542616
3 -7.661737 9.481450
3 -5.600047 9.487112
4 -5.681093 7.509576
4 -5.616256 5.532040
4 -5.697302 3.489667
4 -5.762140 1.706642
4 -5.745930 -0.497824
4 -5.794558 -2.523988
4 -5.697302 -4.501524
4 -5.826977 -6.543897
4 -5.786454 -8.420936
3 -5.801042 -9.777655
3 -3.525255 9.522773
4 -3.510666 7.436634
4 -3.583608 5.525556
4 -3.569020 3.468595
4 -3.481490 1.630459
4 -3.466901 -0.514033
4 -3.466901 -2.541818
4 -3.510666 -4.482073
4 -3.452313 -6.422328
4 -3.569020 -8.523054
3 -3.612785 -9.777655
3 -1.191114 -9.631771
4 -1.205702 -8.523054
4 -1.147349 -6.553623
4 -1.074407 -4.482073
4 -1.176525 -2.512642
4 -1.220291 -0.557798
4 -1.161937 1.586693
3 -1.205748 3.454006
3 -1.293278 5.452614
3 -1.328263 7.573738
4 -1.366174 9.537361
3 1.382415 9.446620
3 1.563631 1.493264
4 1.563631 -0.479973
4 1.483091 -2.594156
4 1.483091 -4.506989
4 1.523361 -6.480226
4 1.523361 -8.393058
3 1.442820 -9.641433
2 3.496598 9.446620
3 3.436193 1.432859
4 3.557004 -0.479973
4 3.597274 -2.433076
4 3.657679 -4.587529
4 3.536868 -6.520496
4 3.617409 -8.473599
3 3.495332 -9.779275
3 5.590646 9.507025
3 5.562606 7.572267
3 5.530241 5.560550
3 5.582741 3.472617
4 5.510106 1.533534
4 5.461004 -0.498037
4 5.508562 -2.483594
4 5.520452 -4.469150
4 5.508562 -6.478486
4 5.556121 -8.511601
3 5.509751 -9.771895
3 7.479449 9.491686
4 7.514578 7.524457
4 7.513407 5.516244
4 7.523946 3.492808
4 7.481791 1.490450
4 7.492330 -0.543524
4 7.460714 -2.461573
4 7.471253 -4.537702
4 7.492330 -6.540060
4 7.492330 -8.500264
3 7.513407 -9.764911
2 9.493035 9.515448
3 9.473294 7.482102
3 9.483164 5.498110
3 9.473294 3.514117
3 9.483164 1.510384
3 9.463423 -0.552574
3 9.473294 -2.487213
3 9.463423 -4.520559
3 9.483164 -6.484810
3 9.483164 -8.478673
2 9.483164 -9.791464
2 0.022510 16.896149
184
1 0
2 1
3 2
4 3
5 4
6 5
7 6
8 7
9 8
10 9
11 10
12 9
13 8
14 7
17 4
18 3
19 2
20 1
21 0
21 20
20 19
19 18
18 17
17 16
16 15
15 14
14 13
13 12
12 11
22 21
23 20
22 23
24 23
24 19
25 24
25 18
26 25
26 17
27 26
27 16
28 27
28 15
15 6
16 5
29 28
29 14
30 29
30 13
31 30
31 12
32 31
32 11
33 22
34 33
34 23
35 34
35 24
36 35
36 25
37 36
37 26
38 37
38 27
39 38
39 28
40 39
40 29
41 40
41 30
42 41
42 31
43 42
43 32
44 43
45 42
45 44
46 45
46 41
47 46
47 40
48 47
48 39
49 48
49 38
50 49
50 37
51 50
51 36
52 51
52 35
53 52
53 34
54 53
54 33
55 54
56 50
57 56
57 49
58 57
58 48
59 58
59 47
60 59
60 46
61 60
61 45
62 61
62 44
63 55
64 56
65 64
65 57
66 65
66 58
67 66
67 59
68 67
68 60
69 68
69 61
70 69
70 62
71 63
72 71
73 72
74 73
75 74
75 64
76 75
76 65
77 76
77 66
78 77
78 67
79 78
79 68
80 79
80 69
81 80
81 70
82 71
83 82
83 72
84 83
84 73
85 84
85 74
86 85
86 75
87 86
87 76
88 87
88 77
89 88
89 78
90 89
90 79
91 90
91 80
92 91
92 81
93 82
94 93
94 83
95 94
95 84
96 95
96 85
97 96
97 86
98 97
98 87
99 98
99 88
100 99
100 89
101 100
101 90
102 101
102 91
103 102
103 92
104 54
104 55

